  0.0000000000E+00  0.4870476932E-04  0.1000000000E+01
  0.4545454545E-01  0.2932915124E-02  0.7951750742E-05
  0.9090909091E-01  0.1017951393E-02  0.1041062111E-04
  0.1363636364E+00  0.4773112086E-03  0.9595452188E-05
  0.1818181818E+00  0.3092673403E-03  0.7265444094E-05
  0.2272727273E+00  0.2817736713E-03  0.6995168175E-05
  0.2727272727E+00  0.2192828497E-03  0.7236110347E-05
  0.3181818182E+00  0.1882291497E-03  0.7327520129E-05
  0.3636363636E+00  0.1491861935E-03  0.6311830592E-05
  0.4090909091E+00  0.1045087059E-03  0.6198096720E-05
  0.4545454545E+00  0.8231452213E-04  0.5711870168E-05
  0.5000000000E+00  0.6243250850E-04  0.5307829271E-05
  0.5454545455E+00  0.5436792817E-04  0.5483443318E-05
  0.5909090909E+00  0.4359339673E-04  0.4806940794E-05
  0.6363636364E+00  0.3674985939E-04  0.4615441967E-05
  0.6818181818E+00  0.3017376753E-04  0.4292850856E-05
  0.7272727273E+00  0.2588768459E-04  0.4380253919E-05
  0.7727272727E+00  0.2198925013E-04  0.3916153026E-05
  0.8181818182E+00  0.1946649460E-04  0.3719144042E-05
  0.8636363636E+00  0.1755455887E-04  0.3580534892E-05
  0.9090909091E+00  0.1624040906E-04  0.3447313062E-05
  0.9545454545E+00  0.1453413212E-04  0.3304612350E-05
  0.1000000000E+01  0.1385805272E-04  0.3190480263E-05
  0.1045454545E+01  0.1170256628E-04  0.2999528525E-05
  0.1090909091E+01  0.1042268878E-04  0.3022027099E-05
  0.1136363636E+01  0.9914531356E-05  0.2816322598E-05
  0.1181818182E+01  0.8799051263E-05  0.2722178947E-05
  0.1227272727E+01  0.8301135137E-05  0.2567898603E-05
  0.1272727273E+01  0.7493073761E-05  0.2442198555E-05
  0.1318181818E+01  0.7183126597E-05  0.2365217848E-05
  0.1363636364E+01  0.6606722545E-05  0.2267343190E-05
  0.1409090909E+01  0.6127895562E-05  0.2234617978E-05
  0.1454545455E+01  0.5658963890E-05  0.2084303890E-05
  0.1500000000E+01  0.5484412869E-05  0.1946210295E-05
  0.1545454545E+01  0.5087094674E-05  0.1887529487E-05
  0.1590909091E+01  0.4751028891E-05  0.1782632161E-05
  0.1636363636E+01  0.4435886499E-05  0.1660875791E-05
  0.1681818182E+01  0.4163183938E-05  0.1633196601E-05
  0.1727272727E+01  0.3944934776E-05  0.1517670844E-05
  0.1772727273E+01  0.3730287189E-05  0.1512801668E-05
  0.1818181818E+01  0.3519989825E-05  0.1421571580E-05
  0.1863636364E+01  0.3320782851E-05  0.1364128214E-05
  0.1909090909E+01  0.3184675101E-05  0.1308432673E-05
  0.1954545455E+01  0.2904840424E-05  0.1233347791E-05
  0.2000000000E+01  0.2782836503E-05  0.1188439974E-05
  0.2045454545E+01  0.2703340512E-05  0.1176945828E-05
  0.2090909091E+01  0.2507870969E-05  0.1091435680E-05
  0.2136363636E+01  0.2406034744E-05  0.1067803974E-05
  0.2181818182E+01  0.2286498888E-05  0.1053287560E-05
  0.2227272727E+01  0.2199033021E-05  0.9943254592E-06
  0.2272727273E+01  0.2091667888E-05  0.9674520286E-06
  0.2318181818E+01  0.1995919322E-05  0.8861068310E-06
  0.2363636364E+01  0.1896466694E-05  0.8660554103E-06
  0.2409090909E+01  0.1800182000E-05  0.8369805461E-06
  0.2454545455E+01  0.1742646379E-05  0.8142549841E-06
  0.2500000000E+01  0.1701246740E-05  0.7645379238E-06
  0.2545454545E+01  0.1564622205E-05  0.7531952411E-06
  0.2590909091E+01  0.1507484496E-05  0.7197879362E-06
  0.2636363636E+01  0.1449552375E-05  0.7002804896E-06
  0.2681818182E+01  0.1407625551E-05  0.6675602670E-06
  0.2727272727E+01  0.1310476353E-05  0.6430331024E-06
  0.2772727273E+01  0.1265133463E-05  0.6331673687E-06
  0.2818181818E+01  0.1232459670E-05  0.5968099835E-06
  0.2863636364E+01  0.1173973194E-05  0.5911528868E-06
  0.2909090909E+01  0.1106631960E-05  0.5509380531E-06
  0.2954545455E+01  0.1069108229E-05  0.5258085213E-06
  0.3000000000E+01  0.1041086346E-05  0.5092008907E-06
  0.3045454545E+01  0.9977312738E-06  0.4861938228E-06
  0.3090909091E+01  0.9540374750E-06  0.4734136018E-06
  0.3136363636E+01  0.9234253972E-06  0.4591059081E-06
  0.3181818182E+01  0.8837177027E-06  0.4457182338E-06
  0.3227272727E+01  0.8329180322E-06  0.4212380000E-06
  0.3272727273E+01  0.8145649365E-06  0.4110644547E-06
  0.3318181818E+01  0.7763867107E-06  0.3967332059E-06
  0.3363636364E+01  0.7447439775E-06  0.3773195965E-06
  0.3409090909E+01  0.7240317939E-06  0.3657142112E-06
  0.3454545455E+01  0.6859569372E-06  0.3505853438E-06
  0.3500000000E+01  0.6508542026E-06  0.3367778736E-06
  0.3545454545E+01  0.6220699997E-06  0.3241176012E-06
  0.3590909091E+01  0.6022461272E-06  0.3104854467E-06
  0.3636363636E+01  0.5790412630E-06  0.3034132781E-06
  0.3681818182E+01  0.5535729803E-06  0.2914441481E-06
  0.3727272727E+01  0.5359054196E-06  0.2786071019E-06
  0.3772727273E+01  0.5136847017E-06  0.2716161399E-06
  0.3818181818E+01  0.4900125844E-06  0.2632389629E-06
  0.3863636364E+01  0.4681896968E-06  0.2517638296E-06
  0.3909090909E+01  0.4563273258E-06  0.2416462851E-06
  0.3954545455E+01  0.4335606903E-06  0.2324032894E-06
  0.4000000000E+01  0.4255609838E-06  0.2242660195E-06
  0.4045454545E+01  0.4042873240E-06  0.2167159787E-06
  0.4090909091E+01  0.3878229027E-06  0.2062732479E-06
  0.4136363636E+01  0.3727958667E-06  0.2010285638E-06
  0.4181818182E+01  0.3556537043E-06  0.1915532517E-06
  0.4227272727E+01  0.3376667021E-06  0.1851937195E-06
  0.4272727273E+01  0.3283489502E-06  0.1775801604E-06
  0.4318181818E+01  0.3139037558E-06  0.1716405564E-06
  0.4363636364E+01  0.3035852275E-06  0.1633673084E-06
  0.4409090909E+01  0.2902861083E-06  0.1558138899E-06
  0.4454545455E+01  0.2789447342E-06  0.1505868940E-06
  0.4500000000E+01  0.2643529272E-06  0.1452810158E-06
  0.4545454545E+01  0.2540927702E-06  0.1403589974E-06
  0.4590909091E+01  0.2412484557E-06  0.1351457965E-06
  0.4636363636E+01  0.2298379929E-06  0.1303775172E-06
  0.4681818182E+01  0.2200063553E-06  0.1252747610E-06
  0.4727272727E+01  0.2089049439E-06  0.1202344731E-06
  0.4772727273E+01  0.2031766732E-06  0.1154648429E-06
  0.4818181818E+01  0.1926772019E-06  0.1098010594E-06
  0.4863636364E+01  0.1851449291E-06  0.1069022144E-06
  0.4909090909E+01  0.1775846675E-06  0.1034238981E-06
  0.4954545455E+01  0.1669629132E-06  0.9923660537E-07
  0.5000000000E+01  0.1585926863E-06  0.9391578103E-07
  0.5045454545E+01  0.1525784303E-06  0.9020490817E-07
  0.5090909091E+01  0.1440115739E-06  0.8691441573E-07
  0.5136363636E+01  0.1367592609E-06  0.8291949201E-07
  0.5181818182E+01  0.1297225398E-06  0.7901232694E-07
  0.5227272727E+01  0.1237525748E-06  0.7585215877E-07
  0.5272727273E+01  0.1176588912E-06  0.7286778053E-07
  0.5318181818E+01  0.1119756751E-06  0.6975000631E-07
  0.5363636364E+01  0.1070273553E-06  0.6597459389E-07
  0.5409090909E+01  0.1014536237E-06  0.6349729659E-07
  0.5454545455E+01  0.9647563918E-07  0.6127289146E-07
  0.5500000000E+01  0.9037325153E-07  0.5768048889E-07
  0.5545454545E+01  0.8673474861E-07  0.5524026612E-07
  0.5590909091E+01  0.8262461427E-07  0.5212827874E-07
  0.5636363636E+01  0.7799043542E-07  0.4961579718E-07
  0.5681818182E+01  0.7301930084E-07  0.4746366280E-07
  0.5727272727E+01  0.6889302635E-07  0.4521140250E-07
  0.5772727273E+01  0.6515659033E-07  0.4305313615E-07
  0.5818181818E+01  0.6175798374E-07  0.4073685198E-07
  0.5863636364E+01  0.5804960476E-07  0.3844881830E-07
  0.5909090909E+01  0.5535570421E-07  0.3656791239E-07
  0.5954545455E+01  0.5245277559E-07  0.3468602621E-07
  0.6000000000E+01  0.4966560627E-07  0.3288814180E-07
  0.6045454545E+01  0.4615479731E-07  0.3123372471E-07
  0.6090909091E+01  0.4389969760E-07  0.2915022688E-07
  0.6136363636E+01  0.4120986438E-07  0.2793507166E-07
  0.6181818182E+01  0.3881830927E-07  0.2631818592E-07
  0.6227272727E+01  0.3637698067E-07  0.2494531127E-07
  0.6272727273E+01  0.3437445945E-07  0.2372211155E-07
  0.6318181818E+01  0.3239883749E-07  0.2240904719E-07
  0.6363636364E+01  0.3028265852E-07  0.2101761662E-07
  0.6409090909E+01  0.2856013675E-07  0.1993982389E-07
  0.6454545455E+01  0.2640832687E-07  0.1868497506E-07
  0.6500000000E+01  0.2502929070E-07  0.1766370935E-07
  0.6545454545E+01  0.2334139430E-07  0.1687748328E-07
  0.6590909091E+01  0.2143691509E-07  0.1559860729E-07
  0.6636363636E+01  0.2015331041E-07  0.1463134722E-07
  0.6681818182E+01  0.1883587153E-07  0.1363053471E-07
  0.6727272727E+01  0.1762212091E-07  0.1290915893E-07
  0.6772727273E+01  0.1623097054E-07  0.1181937821E-07
  0.6818181818E+01  0.1508233928E-07  0.1118540843E-07
  0.6863636364E+01  0.1412500160E-07  0.1049549594E-07
  0.6909090909E+01  0.1317871513E-07  0.9781808930E-08
  0.6954545455E+01  0.1230844011E-07  0.9162211679E-08
  0.7000000000E+01  0.1145817294E-07  0.8554677978E-08
  0.7045454545E+01  0.1065105396E-07  0.7912731380E-08
  0.7090909091E+01  0.9836706267E-08  0.7399900610E-08
  0.7136363636E+01  0.9120173754E-08  0.6921779530E-08
  0.7181818182E+01  0.8361279583E-08  0.6383527949E-08
  0.7227272727E+01  0.7719741367E-08  0.5961302810E-08
  0.7272727273E+01  0.7159720006E-08  0.5538706096E-08
  0.7318181818E+01  0.6538497161E-08  0.5135868213E-08
  0.7363636364E+01  0.5941878476E-08  0.4699277158E-08
  0.7409090909E+01  0.5442027383E-08  0.4292811834E-08
  0.7454545455E+01  0.4996779537E-08  0.3955688681E-08
  0.7500000000E+01  0.4450757346E-08  0.3530063275E-08
  0.7545454545E+01  0.3872232330E-08  0.3127954303E-08
  0.7590909091E+01  0.3367819392E-08  0.2741977383E-08
  0.7636363636E+01  0.2755245746E-08  0.2275418685E-08
  0.7681818182E+01  0.2051727425E-08  0.1717907628E-08
