  0.0000000000E+00  0.6760080786E-03  0.1000000000E+01
  0.1470588235E+00  0.1498535906E-02  0.2734717693E-03
  0.2941176471E+00  0.3828292132E-03  0.8439137753E-04
  0.4411764706E+00  0.3826675919E-03  0.5500640686E-04
  0.5882352941E+00  0.2603458702E-03  0.3766673671E-04
  0.7352941176E+00  0.1305339685E-03  0.3117612480E-04
  0.8823529412E+00  0.1046146461E-03  0.2314479912E-04
  0.1029411765E+01  0.6471699301E-04  0.2447855327E-04
  0.1176470588E+01  0.4496979577E-04  0.1638273116E-04
  0.1323529412E+01  0.3080474615E-04  0.1244398441E-04
  0.1470588235E+01  0.2438958660E-04  0.1011191588E-04
  0.1617647059E+01  0.1850552629E-04  0.8839990460E-05
  0.1764705882E+01  0.1520828621E-04  0.8312283355E-05
  0.1911764706E+01  0.1333752505E-04  0.6611156033E-05
  0.2058823529E+01  0.1019110069E-04  0.5683940097E-05
  0.2205882353E+01  0.9515312666E-05  0.5260769523E-05
  0.2352941176E+01  0.8966200307E-05  0.4914872701E-05
  0.2500000000E+01  0.7659160450E-05  0.4101440957E-05
  0.2647058824E+01  0.6681083300E-05  0.3666197014E-05
  0.2794117647E+01  0.6529317254E-05  0.3447408981E-05
  0.2941176471E+01  0.5600584665E-05  0.2959400348E-05
  0.3088235294E+01  0.5041500949E-05  0.2762138829E-05
  0.3235294118E+01  0.4318160058E-05  0.2549209651E-05
  0.3382352941E+01  0.4189184365E-05  0.2281098284E-05
  0.3529411765E+01  0.3745482598E-05  0.2196996242E-05
  0.3676470588E+01  0.3379556031E-05  0.1876103129E-05
  0.3823529412E+01  0.3048144693E-05  0.1749371485E-05
  0.3970588235E+01  0.2795494303E-05  0.1528485302E-05
  0.4117647059E+01  0.2644479553E-05  0.1470427379E-05
  0.4264705882E+01  0.2477135684E-05  0.1330742020E-05
  0.4411764706E+01  0.2211175039E-05  0.1274638009E-05
  0.4558823529E+01  0.2004477871E-05  0.1161318137E-05
  0.4705882353E+01  0.1919474890E-05  0.1050491644E-05
  0.4852941176E+01  0.1776927097E-05  0.9973655692E-06
  0.5000000000E+01  0.1624259819E-05  0.9344035710E-06
  0.5147058824E+01  0.1514298786E-05  0.8707940935E-06
  0.5294117647E+01  0.1457078295E-05  0.7994617140E-06
  0.5441176471E+01  0.1319298500E-05  0.7504886245E-06
  0.5588235294E+01  0.1286532704E-05  0.6963752827E-06
  0.5735294118E+01  0.1204348800E-05  0.6777972928E-06
  0.5882352941E+01  0.1130759821E-05  0.6293522833E-06
  0.6029411765E+01  0.1088850350E-05  0.5877860228E-06
  0.6176470588E+01  0.9954197876E-06  0.5638326157E-06
  0.6323529412E+01  0.9231160158E-06  0.5280506659E-06
  0.6470588235E+01  0.8819210476E-06  0.5070353572E-06
  0.6617647059E+01  0.8402610289E-06  0.4809956535E-06
  0.6764705882E+01  0.7984027424E-06  0.4533906330E-06
  0.6911764706E+01  0.7442542140E-06  0.4355010043E-06
  0.7058823529E+01  0.6979070884E-06  0.4148641042E-06
  0.7205882353E+01  0.6787156253E-06  0.3895199796E-06
  0.7352941176E+01  0.6231647859E-06  0.3691862759E-06
  0.7500000000E+01  0.6032335804E-06  0.3634571180E-06
  0.7647058824E+01  0.5789078238E-06  0.3445681818E-06
  0.7794117647E+01  0.5423521099E-06  0.3284179246E-06
  0.7941176471E+01  0.5331257410E-06  0.3031125165E-06
  0.8088235294E+01  0.4917339782E-06  0.2924815736E-06
  0.8235294118E+01  0.4777178977E-06  0.2796900018E-06
  0.8382352941E+01  0.4386531611E-06  0.2694497466E-06
  0.8529411765E+01  0.4394994091E-06  0.2485372136E-06
  0.8676470588E+01  0.4086006192E-06  0.2408889261E-06
  0.8823529412E+01  0.3948466824E-06  0.2355722271E-06
  0.8970588235E+01  0.3785598263E-06  0.2167273195E-06
  0.9117647059E+01  0.3634153621E-06  0.2102701997E-06
  0.9264705882E+01  0.3449143381E-06  0.2029218017E-06
  0.9411764706E+01  0.3387099882E-06  0.1892388495E-06
  0.9558823529E+01  0.3232332246E-06  0.1811060594E-06
  0.9705882353E+01  0.3090159104E-06  0.1750178043E-06
  0.9852941176E+01  0.2940399337E-06  0.1670844014E-06
  0.1000000000E+02  0.2812783454E-06  0.1576423932E-06
  0.1014705882E+02  0.2645747460E-06  0.1513218077E-06
  0.1029411765E+02  0.2532483453E-06  0.1451728748E-06
  0.1044117647E+02  0.2428216733E-06  0.1395603498E-06
  0.1058823529E+02  0.2367494859E-06  0.1350951890E-06
  0.1073529412E+02  0.2241747707E-06  0.1287553647E-06
  0.1088235294E+02  0.2183873745E-06  0.1226185133E-06
  0.1102941176E+02  0.2063823406E-06  0.1174349538E-06
  0.1117647059E+02  0.2002066645E-06  0.1129668458E-06
  0.1132352941E+02  0.1929768577E-06  0.1066280651E-06
  0.1147058824E+02  0.1826646861E-06  0.1050277862E-06
  0.1161764706E+02  0.1759660334E-06  0.1009796884E-06
  0.1176470588E+02  0.1690699486E-06  0.9720328798E-07
  0.1191176471E+02  0.1616940111E-06  0.9270829633E-07
  0.1205882353E+02  0.1544206942E-06  0.8987007029E-07
  0.1220588235E+02  0.1487015182E-06  0.8692894127E-07
  0.1235294118E+02  0.1420108260E-06  0.8437291130E-07
  0.1250000000E+02  0.1373053707E-06  0.8081333180E-07
  0.1264705882E+02  0.1319036852E-06  0.7713874284E-07
  0.1279411765E+02  0.1258257733E-06  0.7321025752E-07
  0.1294117647E+02  0.1211883914E-06  0.7093307185E-07
  0.1308823529E+02  0.1166016894E-06  0.6838043895E-07
  0.1323529412E+02  0.1118874298E-06  0.6520278360E-07
  0.1338235294E+02  0.1070237799E-06  0.6291478158E-07
  0.1352941176E+02  0.1021964543E-06  0.5991386306E-07
  0.1367647059E+02  0.9848170745E-07  0.5861551072E-07
  0.1382352941E+02  0.9631641974E-07  0.5561838943E-07
  0.1397058824E+02  0.9124358549E-07  0.5386283105E-07
  0.1411764706E+02  0.8826764335E-07  0.5141508086E-07
  0.1426470588E+02  0.8410282823E-07  0.5029082111E-07
  0.1441176471E+02  0.8175713641E-07  0.4745904758E-07
  0.1455882353E+02  0.7856366891E-07  0.4569716675E-07
  0.1470588235E+02  0.7531124045E-07  0.4418275285E-07
  0.1485294118E+02  0.7246021119E-07  0.4204130466E-07
  0.1500000000E+02  0.6907470268E-07  0.4127164227E-07
  0.1514705882E+02  0.6575779299E-07  0.3979211121E-07
  0.1529411765E+02  0.6355837937E-07  0.3816342295E-07
  0.1544117647E+02  0.5987896742E-07  0.3667165867E-07
  0.1558823529E+02  0.5759374246E-07  0.3520942877E-07
  0.1573529412E+02  0.5471860089E-07  0.3384222679E-07
  0.1588235294E+02  0.5262958988E-07  0.3206195809E-07
  0.1602941176E+02  0.5189510140E-07  0.3084044979E-07
  0.1617647059E+02  0.4897658229E-07  0.2992844704E-07
  0.1632352941E+02  0.4696234413E-07  0.2837814157E-07
  0.1647058824E+02  0.4450858565E-07  0.2738189351E-07
  0.1661764706E+02  0.4261156954E-07  0.2609167330E-07
  0.1676470588E+02  0.4087986735E-07  0.2511952388E-07
  0.1691176471E+02  0.3962738820E-07  0.2391568100E-07
  0.1705882353E+02  0.3752187801E-07  0.2312473155E-07
  0.1720588235E+02  0.3601119541E-07  0.2222210083E-07
  0.1735294118E+02  0.3435785608E-07  0.2149837145E-07
  0.1750000000E+02  0.3289852844E-07  0.2076666856E-07
  0.1764705882E+02  0.3114639586E-07  0.1986014555E-07
  0.1779411765E+02  0.2996865872E-07  0.1896057711E-07
  0.1794117647E+02  0.2854869480E-07  0.1830029678E-07
  0.1808823529E+02  0.2710133638E-07  0.1740808352E-07
  0.1823529412E+02  0.2556422643E-07  0.1667796879E-07
  0.1838235294E+02  0.2462867576E-07  0.1620382697E-07
  0.1852941176E+02  0.2340351235E-07  0.1530161953E-07
  0.1867647059E+02  0.2231160754E-07  0.1477701665E-07
  0.1882352941E+02  0.2141829925E-07  0.1396027941E-07
  0.1897058824E+02  0.2024060356E-07  0.1322605821E-07
  0.1911764706E+02  0.1935060802E-07  0.1276195195E-07
  0.1926470588E+02  0.1861227175E-07  0.1213748585E-07
  0.1941176471E+02  0.1750519733E-07  0.1158709805E-07
  0.1955882353E+02  0.1652438579E-07  0.1118106319E-07
  0.1970588235E+02  0.1577721718E-07  0.1069840811E-07
  0.1985294118E+02  0.1487589418E-07  0.1023705860E-07
  0.2000000000E+02  0.1406472439E-07  0.9603881910E-08
  0.2014705882E+02  0.1346843486E-07  0.9198572898E-08
  0.2029411765E+02  0.1284366056E-07  0.8780799073E-08
  0.2044117647E+02  0.1216496942E-07  0.8331957456E-08
  0.2058823529E+02  0.1154350834E-07  0.7959058584E-08
  0.2073529412E+02  0.1084597486E-07  0.7567962011E-08
  0.2088235294E+02  0.1044855038E-07  0.7150349747E-08
  0.2102941176E+02  0.9831371440E-08  0.6753444371E-08
  0.2117647059E+02  0.9275205840E-08  0.6481740585E-08
  0.2132352941E+02  0.8773899202E-08  0.6228974898E-08
  0.2147058824E+02  0.8301965802E-08  0.5840040605E-08
  0.2161764706E+02  0.7854019379E-08  0.5559215235E-08
  0.2176470588E+02  0.7421217272E-08  0.5330449957E-08
  0.2191176471E+02  0.6987723036E-08  0.5058051886E-08
  0.2205882353E+02  0.6637722595E-08  0.4800460282E-08
  0.2220588235E+02  0.6318290164E-08  0.4555110347E-08
  0.2235294118E+02  0.5932832645E-08  0.4370245726E-08
  0.2250000000E+02  0.5573655758E-08  0.4160893936E-08
  0.2264705882E+02  0.5338318274E-08  0.3915056692E-08
  0.2279411765E+02  0.5059141487E-08  0.3755926781E-08
  0.2294117647E+02  0.4818478387E-08  0.3602499220E-08
  0.2308823529E+02  0.4544855495E-08  0.3395165540E-08
  0.2323529412E+02  0.4308925674E-08  0.3260465508E-08
  0.2338235294E+02  0.4060251350E-08  0.3104032227E-08
  0.2352941176E+02  0.3846970241E-08  0.2979367830E-08
  0.2367647059E+02  0.3679780939E-08  0.2858693354E-08
  0.2382352941E+02  0.3480943031E-08  0.2763183479E-08
  0.2397058824E+02  0.3351066332E-08  0.2691758838E-08
  0.2411764706E+02  0.3172448557E-08  0.2612513180E-08
  0.2426470588E+02  0.3043393204E-08  0.2520557205E-08
  0.2441176471E+02  0.2889160984E-08  0.2436281247E-08
  0.2455882353E+02  0.2695591713E-08  0.2330876831E-08
  0.2470588235E+02  0.2428835006E-08  0.2132419732E-08
  0.2485294118E+02  0.2062601393E-08  0.1823979857E-08
  
