 
 
 # TIME       12904.9999999740     
  0.0000000000E+00  0.6760080786E-03  0.1000000000E+01
  0.1470588235E+00  0.1498535906E-02  0.2734717693E-03
  0.2941176471E+00  0.3828292132E-03  0.8439137753E-04
  0.4411764706E+00  0.3826675919E-03  0.5500640686E-04
  0.5882352941E+00  0.2603458702E-03  0.3766673671E-04
  0.7352941176E+00  0.1305339685E-03  0.3117612480E-04
  0.8823529412E+00  0.1046146461E-03  0.2314479912E-04
  0.1029411765E+01  0.6471699301E-04  0.2447855327E-04
  0.1176470588E+01  0.4496979577E-04  0.1638273116E-04
  0.1323529412E+01  0.3080474615E-04  0.1244398441E-04
  0.1470588235E+01  0.2438958660E-04  0.1011191588E-04
  0.1617647059E+01  0.1850552629E-04  0.8839990460E-05
  0.1764705882E+01  0.1520828621E-04  0.8312283355E-05
  0.1911764706E+01  0.1333752505E-04  0.6611156033E-05
  0.2058823529E+01  0.1019110069E-04  0.5683940097E-05
  0.2205882353E+01  0.9515312666E-05  0.5260769523E-05
  0.2352941176E+01  0.8966200307E-05  0.4914872701E-05
  0.2500000000E+01  0.7659160450E-05  0.4101440957E-05
  0.2647058824E+01  0.6681083300E-05  0.3666197014E-05
  0.2794117647E+01  0.6529317254E-05  0.3447408981E-05
  0.2941176471E+01  0.5600584665E-05  0.2959400348E-05
  0.3088235294E+01  0.5041500949E-05  0.2762138829E-05
  0.3235294118E+01  0.4318160058E-05  0.2549209651E-05
  0.3382352941E+01  0.4189184365E-05  0.2281098284E-05
  0.3529411765E+01  0.3745482598E-05  0.2196996242E-05
  0.3676470588E+01  0.3379556031E-05  0.1876103129E-05
  0.3823529412E+01  0.3048144693E-05  0.1749371485E-05
  0.3970588235E+01  0.2795494303E-05  0.1528485302E-05
  0.4117647059E+01  0.2644479553E-05  0.1470427379E-05
  0.4264705882E+01  0.2477135684E-05  0.1330742020E-05
  0.4411764706E+01  0.2211175039E-05  0.1274638009E-05
  0.4558823529E+01  0.2004477871E-05  0.1161318137E-05
  0.4705882353E+01  0.1919474890E-05  0.1050491644E-05
  0.4852941176E+01  0.1776927097E-05  0.9973655692E-06
  0.5000000000E+01  0.1624259819E-05  0.9344035710E-06
  0.5147058824E+01  0.1514298786E-05  0.8707940935E-06
  0.5294117647E+01  0.1457078295E-05  0.7994617140E-06
  0.5441176471E+01  0.1319298500E-05  0.7504886245E-06
  0.5588235294E+01  0.1286532704E-05  0.6963752827E-06
  0.5735294118E+01  0.1204348800E-05  0.6777972928E-06
  0.5882352941E+01  0.1130759821E-05  0.6293522833E-06
  0.6029411765E+01  0.1088850350E-05  0.5877860228E-06
  0.6176470588E+01  0.9954197876E-06  0.5638326157E-06
  0.6323529412E+01  0.9231160158E-06  0.5280506659E-06
  0.6470588235E+01  0.8819210476E-06  0.5070353572E-06
  0.6617647059E+01  0.8402610289E-06  0.4809956535E-06
  0.6764705882E+01  0.7984027424E-06  0.4533906330E-06
  0.6911764706E+01  0.7442542140E-06  0.4355010043E-06
  0.7058823529E+01  0.6979070884E-06  0.4148641042E-06
  0.7205882353E+01  0.6787156253E-06  0.3895199796E-06
  0.7352941176E+01  0.6231647859E-06  0.3691862759E-06
  0.7500000000E+01  0.6032335804E-06  0.3634571180E-06
  0.7647058824E+01  0.5789078238E-06  0.3445681818E-06
  0.7794117647E+01  0.5423521099E-06  0.3284179246E-06
  0.7941176471E+01  0.5331257410E-06  0.3031125165E-06
  0.8088235294E+01  0.4917339782E-06  0.2924815736E-06
  0.8235294118E+01  0.4777178977E-06  0.2796900018E-06
  0.8382352941E+01  0.4386531611E-06  0.2694497466E-06
  0.8529411765E+01  0.4394994091E-06  0.2485372136E-06
  0.8676470588E+01  0.4086006192E-06  0.2408889261E-06
  0.8823529412E+01  0.3948466824E-06  0.2355722271E-06
  0.8970588235E+01  0.3785598263E-06  0.2167273195E-06
  0.9117647059E+01  0.3634153621E-06  0.2102701997E-06
  0.9264705882E+01  0.3449143381E-06  0.2029218017E-06
  0.9411764706E+01  0.3387099882E-06  0.1892388495E-06
  0.9558823529E+01  0.3232332246E-06  0.1811060594E-06
  0.9705882353E+01  0.3090159104E-06  0.1750178043E-06
  0.9852941176E+01  0.2940399337E-06  0.1670844014E-06
  0.1000000000E+02  0.2812783454E-06  0.1576423932E-06
  0.1014705882E+02  0.2645747460E-06  0.1513218077E-06
  0.1029411765E+02  0.2532483453E-06  0.1451728748E-06
  0.1044117647E+02  0.2428216733E-06  0.1395603498E-06
  0.1058823529E+02  0.2367494859E-06  0.1350951890E-06
  0.1073529412E+02  0.2241747707E-06  0.1287553647E-06
  0.1088235294E+02  0.2183873745E-06  0.1226185133E-06
  0.1102941176E+02  0.2063823406E-06  0.1174349538E-06
  0.1117647059E+02  0.2002066645E-06  0.1129668458E-06
  0.1132352941E+02  0.1929768577E-06  0.1066280651E-06
  0.1147058824E+02  0.1826646861E-06  0.1050277862E-06
  0.1161764706E+02  0.1759660334E-06  0.1009796884E-06
  0.1176470588E+02  0.1690699486E-06  0.9720328798E-07
  0.1191176471E+02  0.1616940111E-06  0.9270829633E-07
  0.1205882353E+02  0.1544206942E-06  0.8987007029E-07
  0.1220588235E+02  0.1487015182E-06  0.8692894127E-07
  0.1235294118E+02  0.1420108260E-06  0.8437291130E-07
  0.1250000000E+02  0.1373053707E-06  0.8081333180E-07
  0.1264705882E+02  0.1319036852E-06  0.7713874284E-07
  0.1279411765E+02  0.1258257733E-06  0.7321025752E-07
  0.1294117647E+02  0.1211883914E-06  0.7093307185E-07
  0.1308823529E+02  0.1166016894E-06  0.6838043895E-07
  0.1323529412E+02  0.1118874298E-06  0.6520278360E-07
  0.1338235294E+02  0.1070237799E-06  0.6291478158E-07
  0.1352941176E+02  0.1021964543E-06  0.5991386306E-07
  0.1367647059E+02  0.9848170745E-07  0.5861551072E-07
  0.1382352941E+02  0.9631641974E-07  0.5561838943E-07
  0.1397058824E+02  0.9124358549E-07  0.5386283105E-07
  0.1411764706E+02  0.8826764335E-07  0.5141508086E-07
  0.1426470588E+02  0.8410282823E-07  0.5029082111E-07
  0.1441176471E+02  0.8175713641E-07  0.4745904758E-07
  0.1455882353E+02  0.7856366891E-07  0.4569716675E-07
  0.1470588235E+02  0.7531124045E-07  0.4418275285E-07
  0.1485294118E+02  0.7246021119E-07  0.4204130466E-07
  0.1500000000E+02  0.6907470268E-07  0.4127164227E-07
  0.1514705882E+02  0.6575779299E-07  0.3979211121E-07
  0.1529411765E+02  0.6355837937E-07  0.3816342295E-07
  0.1544117647E+02  0.5987896742E-07  0.3667165867E-07
  0.1558823529E+02  0.5759374246E-07  0.3520942877E-07
  0.1573529412E+02  0.5471860089E-07  0.3384222679E-07
  0.1588235294E+02  0.5262958988E-07  0.3206195809E-07
  0.1602941176E+02  0.5189510140E-07  0.3084044979E-07
  0.1617647059E+02  0.4897658229E-07  0.2992844704E-07
  0.1632352941E+02  0.4696234413E-07  0.2837814157E-07
  0.1647058824E+02  0.4450858565E-07  0.2738189351E-07
  0.1661764706E+02  0.4261156954E-07  0.2609167330E-07
  0.1676470588E+02  0.4087986735E-07  0.2511952388E-07
  0.1691176471E+02  0.3962738820E-07  0.2391568100E-07
  0.1705882353E+02  0.3752187801E-07  0.2312473155E-07
  0.1720588235E+02  0.3601119541E-07  0.2222210083E-07
  0.1735294118E+02  0.3435785608E-07  0.2149837145E-07
  0.1750000000E+02  0.3289852844E-07  0.2076666856E-07
  0.1764705882E+02  0.3114639586E-07  0.1986014555E-07
  0.1779411765E+02  0.2996865872E-07  0.1896057711E-07
  0.1794117647E+02  0.2854869480E-07  0.1830029678E-07
  0.1808823529E+02  0.2710133638E-07  0.1740808352E-07
  0.1823529412E+02  0.2556422643E-07  0.1667796879E-07
  0.1838235294E+02  0.2462867576E-07  0.1620382697E-07
  0.1852941176E+02  0.2340351235E-07  0.1530161953E-07
  0.1867647059E+02  0.2231160754E-07  0.1477701665E-07
  0.1882352941E+02  0.2141829925E-07  0.1396027941E-07
  0.1897058824E+02  0.2024060356E-07  0.1322605821E-07
  0.1911764706E+02  0.1935060802E-07  0.1276195195E-07
  0.1926470588E+02  0.1861227175E-07  0.1213748585E-07
  0.1941176471E+02  0.1750519733E-07  0.1158709805E-07
  0.1955882353E+02  0.1652438579E-07  0.1118106319E-07
  0.1970588235E+02  0.1577721718E-07  0.1069840811E-07
  0.1985294118E+02  0.1487589418E-07  0.1023705860E-07
  0.2000000000E+02  0.1406472439E-07  0.9603881910E-08
  0.2014705882E+02  0.1346843486E-07  0.9198572898E-08
  0.2029411765E+02  0.1284366056E-07  0.8780799073E-08
  0.2044117647E+02  0.1216496942E-07  0.8331957456E-08
  0.2058823529E+02  0.1154350834E-07  0.7959058584E-08
  0.2073529412E+02  0.1084597486E-07  0.7567962011E-08
  0.2088235294E+02  0.1044855038E-07  0.7150349747E-08
  0.2102941176E+02  0.9831371440E-08  0.6753444371E-08
  0.2117647059E+02  0.9275205840E-08  0.6481740585E-08
  0.2132352941E+02  0.8773899202E-08  0.6228974898E-08
  0.2147058824E+02  0.8301965802E-08  0.5840040605E-08
  0.2161764706E+02  0.7854019379E-08  0.5559215235E-08
  0.2176470588E+02  0.7421217272E-08  0.5330449957E-08
  0.2191176471E+02  0.6987723036E-08  0.5058051886E-08
  0.2205882353E+02  0.6637722595E-08  0.4800460282E-08
  0.2220588235E+02  0.6318290164E-08  0.4555110347E-08
  0.2235294118E+02  0.5932832645E-08  0.4370245726E-08
  0.2250000000E+02  0.5573655758E-08  0.4160893936E-08
  0.2264705882E+02  0.5338318274E-08  0.3915056692E-08
  0.2279411765E+02  0.5059141487E-08  0.3755926781E-08
  0.2294117647E+02  0.4818478387E-08  0.3602499220E-08
  0.2308823529E+02  0.4544855495E-08  0.3395165540E-08
  0.2323529412E+02  0.4308925674E-08  0.3260465508E-08
  0.2338235294E+02  0.4060251350E-08  0.3104032227E-08
  0.2352941176E+02  0.3846970241E-08  0.2979367830E-08
  0.2367647059E+02  0.3679780939E-08  0.2858693354E-08
  0.2382352941E+02  0.3480943031E-08  0.2763183479E-08
  0.2397058824E+02  0.3351066332E-08  0.2691758838E-08
  0.2411764706E+02  0.3172448557E-08  0.2612513180E-08
  0.2426470588E+02  0.3043393204E-08  0.2520557205E-08
  0.2441176471E+02  0.2889160984E-08  0.2436281247E-08
  0.2455882353E+02  0.2695591713E-08  0.2330876831E-08
  0.2470588235E+02  0.2428835006E-08  0.2132419732E-08
  0.2485294118E+02  0.2062601393E-08  0.1823979857E-08
 
 
 # TIME       12905.0049999740     
  0.0000000000E+00  0.6758787433E-03  0.1000000000E+01
  0.1470588235E+00  0.1498470463E-02  0.2734830259E-03
  0.2941176471E+00  0.3828239382E-03  0.8438271439E-04
  0.4411764706E+00  0.3826765609E-03  0.5500431099E-04
  0.5882352941E+00  0.2603476814E-03  0.3766328720E-04
  0.7352941176E+00  0.1305353305E-03  0.3117465567E-04
  0.8823529412E+00  0.1046203256E-03  0.2314410007E-04
  0.1029411765E+01  0.6470975302E-04  0.2447883480E-04
  0.1176470588E+01  0.4497205246E-04  0.1638304598E-04
  0.1323529412E+01  0.3080675858E-04  0.1244408580E-04
  0.1470588235E+01  0.2439053732E-04  0.1011266238E-04
  0.1617647059E+01  0.1850498197E-04  0.8839555502E-05
  0.1764705882E+01  0.1520714769E-04  0.8312614344E-05
  0.1911764706E+01  0.1333671626E-04  0.6610970972E-05
  0.2058823529E+01  0.1019166079E-04  0.5684007692E-05
  0.2205882353E+01  0.9514389621E-05  0.5260757637E-05
  0.2352941176E+01  0.8965736093E-05  0.4914742852E-05
  0.2500000000E+01  0.7658813902E-05  0.4101240136E-05
  0.2647058824E+01  0.6681376174E-05  0.3665957975E-05
  0.2794117647E+01  0.6529614555E-05  0.3447423080E-05
  0.2941176471E+01  0.5600583579E-05  0.2959169771E-05
  0.3088235294E+01  0.5041079719E-05  0.2762290677E-05
  0.3235294118E+01  0.4317918564E-05  0.2549459820E-05
  0.3382352941E+01  0.4189712246E-05  0.2281086269E-05
  0.3529411765E+01  0.3745769475E-05  0.2196577669E-05
  0.3676470588E+01  0.3379464807E-05  0.1876002001E-05
  0.3823529412E+01  0.3048133920E-05  0.1749417720E-05
  0.3970588235E+01  0.2795395497E-05  0.1528469499E-05
  0.4117647059E+01  0.2644530787E-05  0.1470384480E-05
  0.4264705882E+01  0.2476837880E-05  0.1330693892E-05
  0.4411764706E+01  0.2211427638E-05  0.1274664708E-05
  0.4558823529E+01  0.2004486273E-05  0.1161331770E-05
  0.4705882353E+01  0.1919518857E-05  0.1050581971E-05
  0.4852941176E+01  0.1776897763E-05  0.9973704253E-06
  0.5000000000E+01  0.1624243732E-05  0.9345048249E-06
  0.5147058824E+01  0.1514641692E-05  0.8707628377E-06
  0.5294117647E+01  0.1457171312E-05  0.7994540407E-06
  0.5441176471E+01  0.1319367925E-05  0.7504352199E-06
  0.5588235294E+01  0.1286575213E-05  0.6963314043E-06
  0.5735294118E+01  0.1204327199E-05  0.6777091223E-06
  0.5882352941E+01  0.1130864991E-05  0.6293538580E-06
  0.6029411765E+01  0.1088924966E-05  0.5877515517E-06
  0.6176470588E+01  0.9955042644E-06  0.5638805517E-06
  0.6323529412E+01  0.9232051230E-06  0.5279782597E-06
  0.6470588235E+01  0.8820123375E-06  0.5070696581E-06
  0.6617647059E+01  0.8402747179E-06  0.4810250933E-06
  0.6764705882E+01  0.7982989733E-06  0.4534009925E-06
  0.6911764706E+01  0.7442958965E-06  0.4354045101E-06
  0.7058823529E+01  0.6979350673E-06  0.4148408496E-06
  0.7205882353E+01  0.6787023738E-06  0.3895255141E-06
  0.7352941176E+01  0.6231601584E-06  0.3691821521E-06
  0.7500000000E+01  0.6031319284E-06  0.3634898076E-06
  0.7647058824E+01  0.5789012506E-06  0.3445331571E-06
  0.7794117647E+01  0.5423718030E-06  0.3284340880E-06
  0.7941176471E+01  0.5330833154E-06  0.3030977862E-06
  0.8088235294E+01  0.4917498861E-06  0.2924570937E-06
  0.8235294118E+01  0.4777219832E-06  0.2796937813E-06
  0.8382352941E+01  0.4386506837E-06  0.2694635011E-06
  0.8529411765E+01  0.4394528280E-06  0.2485491988E-06
  0.8676470588E+01  0.4086739687E-06  0.2408855195E-06
  0.8823529412E+01  0.3948235685E-06  0.2355168961E-06
  0.8970588235E+01  0.3786356995E-06  0.2166971772E-06
  0.9117647059E+01  0.3634137568E-06  0.2102770942E-06
  0.9264705882E+01  0.3449567400E-06  0.2029101207E-06
  0.9411764706E+01  0.3387313865E-06  0.1892644671E-06
  0.9558823529E+01  0.3232670699E-06  0.1810973152E-06
  0.9705882353E+01  0.3090892185E-06  0.1749937994E-06
  0.9852941176E+01  0.2940584803E-06  0.1670897646E-06
  0.1000000000E+02  0.2813236184E-06  0.1576272241E-06
  0.1014705882E+02  0.2645923214E-06  0.1513018172E-06
  0.1029411765E+02  0.2532931388E-06  0.1451726020E-06
  0.1044117647E+02  0.2428385829E-06  0.1395615401E-06
  0.1058823529E+02  0.2367560580E-06  0.1351029690E-06
  0.1073529412E+02  0.2241892233E-06  0.1287359586E-06
  0.1088235294E+02  0.2183991581E-06  0.1226264313E-06
  0.1102941176E+02  0.2063841823E-06  0.1174478658E-06
  0.1117647059E+02  0.2002179262E-06  0.1129745506E-06
  0.1132352941E+02  0.1929914756E-06  0.1066495238E-06
  0.1147058824E+02  0.1826749936E-06  0.1050229331E-06
  0.1161764706E+02  0.1759595377E-06  0.1009853342E-06
  0.1176470588E+02  0.1690801523E-06  0.9719868134E-07
  0.1191176471E+02  0.1616957979E-06  0.9270844248E-07
  0.1205882353E+02  0.1544163050E-06  0.8986880950E-07
  0.1220588235E+02  0.1486898213E-06  0.8692933299E-07
  0.1235294118E+02  0.1420009222E-06  0.8437094260E-07
  0.1250000000E+02  0.1373081899E-06  0.8081854772E-07
  0.1264705882E+02  0.1318983538E-06  0.7713891618E-07
  0.1279411765E+02  0.1258200767E-06  0.7321934485E-07
  0.1294117647E+02  0.1211839822E-06  0.7093560606E-07
  0.1308823529E+02  0.1165952305E-06  0.6838531193E-07
  0.1323529412E+02  0.1118847193E-06  0.6520658951E-07
  0.1338235294E+02  0.1070345869E-06  0.6291488058E-07
  0.1352941176E+02  0.1022045742E-06  0.5991269425E-07
  0.1367647059E+02  0.9848489786E-07  0.5861677413E-07
  0.1382352941E+02  0.9632170410E-07  0.5561948844E-07
  0.1397058824E+02  0.9124417413E-07  0.5385938838E-07
  0.1411764706E+02  0.8826732222E-07  0.5140767624E-07
  0.1426470588E+02  0.8410628419E-07  0.5029364192E-07
  0.1441176471E+02  0.8175468815E-07  0.4745376435E-07
  0.1455882353E+02  0.7855583354E-07  0.4570275557E-07
  0.1470588235E+02  0.7532080046E-07  0.4418379082E-07
  0.1485294118E+02  0.7245489116E-07  0.4204246076E-07
  0.1500000000E+02  0.6907089212E-07  0.4127728622E-07
  0.1514705882E+02  0.6575758467E-07  0.3979335377E-07
  0.1529411765E+02  0.6356292273E-07  0.3816180737E-07
  0.1544117647E+02  0.5987472879E-07  0.3667219752E-07
  0.1558823529E+02  0.5759109285E-07  0.3521358847E-07
  0.1573529412E+02  0.5471604604E-07  0.3384468459E-07
  0.1588235294E+02  0.5263507892E-07  0.3206017264E-07
  0.1602941176E+02  0.5189697256E-07  0.3083909887E-07
  0.1617647059E+02  0.4897744116E-07  0.2992767356E-07
  0.1632352941E+02  0.4696143546E-07  0.2837738018E-07
  0.1647058824E+02  0.4450870111E-07  0.2738149331E-07
  0.1661764706E+02  0.4261470486E-07  0.2608892249E-07
  0.1676470588E+02  0.4088220885E-07  0.2511851732E-07
  0.1691176471E+02  0.3963084590E-07  0.2391348934E-07
  0.1705882353E+02  0.3752397768E-07  0.2312553643E-07
  0.1720588235E+02  0.3601380875E-07  0.2222035102E-07
  0.1735294118E+02  0.3435858842E-07  0.2149671359E-07
  0.1750000000E+02  0.3290351554E-07  0.2076630316E-07
  0.1764705882E+02  0.3114805648E-07  0.1985974154E-07
  0.1779411765E+02  0.2997176112E-07  0.1896064954E-07
  0.1794117647E+02  0.2854740686E-07  0.1829920648E-07
  0.1808823529E+02  0.2710015830E-07  0.1740752215E-07
  0.1823529412E+02  0.2556522480E-07  0.1667764819E-07
  0.1838235294E+02  0.2462984298E-07  0.1620140687E-07
  0.1852941176E+02  0.2340457500E-07  0.1530298256E-07
  0.1867647059E+02  0.2231281599E-07  0.1477810973E-07
  0.1882352941E+02  0.2141787366E-07  0.1396195671E-07
  0.1897058824E+02  0.2024165236E-07  0.1322616122E-07
  0.1911764706E+02  0.1935110310E-07  0.1276262457E-07
  0.1926470588E+02  0.1861242887E-07  0.1213841098E-07
  0.1941176471E+02  0.1750498140E-07  0.1158746045E-07
  0.1955882353E+02  0.1652555964E-07  0.1118208644E-07
  0.1970588235E+02  0.1577571597E-07  0.1069826126E-07
  0.1985294118E+02  0.1487603865E-07  0.1023681156E-07
  0.2000000000E+02  0.1406491907E-07  0.9603916107E-08
  0.2014705882E+02  0.1346877390E-07  0.9198839519E-08
  0.2029411765E+02  0.1284313167E-07  0.8781174956E-08
  0.2044117647E+02  0.1216426023E-07  0.8332228189E-08
  0.2058823529E+02  0.1154324390E-07  0.7959823255E-08
  0.2073529412E+02  0.1084593347E-07  0.7568548469E-08
  0.2088235294E+02  0.1044853154E-07  0.7149823864E-08
  0.2102941176E+02  0.9831174548E-08  0.6754070428E-08
  0.2117647059E+02  0.9274639841E-08  0.6482320678E-08
  0.2132352941E+02  0.8774369191E-08  0.6228629715E-08
  0.2147058824E+02  0.8302375791E-08  0.5840077658E-08
  0.2161764706E+02  0.7853791909E-08  0.5559395276E-08
  0.2176470588E+02  0.7421282273E-08  0.5330908446E-08
  0.2191176471E+02  0.6987045462E-08  0.5058947966E-08
  0.2205882353E+02  0.6637893663E-08  0.4800700531E-08
  0.2220588235E+02  0.6318477315E-08  0.4555893364E-08
  0.2235294118E+02  0.5932884711E-08  0.4370641994E-08
  0.2250000000E+02  0.5574033848E-08  0.4160882839E-08
  0.2264705882E+02  0.5338363366E-08  0.3915218633E-08
  0.2279411765E+02  0.5059717755E-08  0.3756379923E-08
  0.2294117647E+02  0.4818501761E-08  0.3602698204E-08
  0.2308823529E+02  0.4545259341E-08  0.3395656630E-08
  0.2323529412E+02  0.4309228963E-08  0.3260680162E-08
  0.2338235294E+02  0.4060223127E-08  0.3103845245E-08
  0.2352941176E+02  0.3847567256E-08  0.2979267944E-08
  0.2367647059E+02  0.3680035070E-08  0.2858958479E-08
  0.2382352941E+02  0.3481209550E-08  0.2762975603E-08
  0.2397058824E+02  0.3351431724E-08  0.2692094397E-08
  0.2411764706E+02  0.3172935691E-08  0.2612691166E-08
  0.2426470588E+02  0.3043541982E-08  0.2520644599E-08
  0.2441176471E+02  0.2889233221E-08  0.2436428600E-08
  0.2455882353E+02  0.2695868618E-08  0.2331141143E-08
  0.2470588235E+02  0.2429042964E-08  0.2132627585E-08
  0.2485294118E+02  0.2062838649E-08  0.1824285554E-08
 
 
 # TIME       12905.0099999740     
  0.0000000000E+00  0.6757494175E-03  0.1000000000E+01
  0.1470588235E+00  0.1498404967E-02  0.2734942646E-03
  0.2941176471E+00  0.3828187221E-03  0.8437405799E-04
  0.4411764706E+00  0.3826855219E-03  0.5500221451E-04
  0.5882352941E+00  0.2603494869E-03  0.3765984489E-04
  0.7352941176E+00  0.1305366931E-03  0.3117319199E-04
  0.8823529412E+00  0.1046259944E-03  0.2314340198E-04
  0.1029411765E+01  0.6470251524E-04  0.2447911095E-04
  0.1176470588E+01  0.4497431066E-04  0.1638336009E-04
  0.1323529412E+01  0.3080876932E-04  0.1244418404E-04
  0.1470588235E+01  0.2439148898E-04  0.1011341505E-04
  0.1617647059E+01  0.1850444142E-04  0.8839120083E-05
  0.1764705882E+01  0.1520600980E-04  0.8312947413E-05
  0.1911764706E+01  0.1333590848E-04  0.6610782191E-05
  0.2058823529E+01  0.1019221904E-04  0.5684075851E-05
  0.2205882353E+01  0.9513467072E-05  0.5260743074E-05
  0.2352941176E+01  0.8965274506E-05  0.4914607196E-05
  0.2500000000E+01  0.7658466179E-05  0.4101041240E-05
  0.2647058824E+01  0.6681670751E-05  0.3665722118E-05
  0.2794117647E+01  0.6529910067E-05  0.3447433482E-05
  0.2941176471E+01  0.5600585146E-05  0.2958940570E-05
  0.3088235294E+01  0.5040661034E-05  0.2762443737E-05
  0.3235294118E+01  0.4317679683E-05  0.2549711090E-05
  0.3382352941E+01  0.4190239188E-05  0.2281071955E-05
  0.3529411765E+01  0.3746055380E-05  0.2196157222E-05
  0.3676470588E+01  0.3379373359E-05  0.1875900031E-05
  0.3823529412E+01  0.3048123285E-05  0.1749464128E-05
  0.3970588235E+01  0.2795298556E-05  0.1528454478E-05
  0.4117647059E+01  0.2644581915E-05  0.1470343402E-05
  0.4264705882E+01  0.2476538796E-05  0.1330646523E-05
  0.4411764706E+01  0.2211680356E-05  0.1274690916E-05
  0.4558823529E+01  0.2004496671E-05  0.1161344911E-05
  0.4705882353E+01  0.1919561238E-05  0.1050672411E-05
  0.4852941176E+01  0.1776867712E-05  0.9973740448E-06
  0.5000000000E+01  0.1624228307E-05  0.9346061212E-06
  0.5147058824E+01  0.1514983430E-05  0.8707328586E-06
  0.5294117647E+01  0.1457263171E-05  0.7994462884E-06
  0.5441176471E+01  0.1319437151E-05  0.7503827845E-06
  0.5588235294E+01  0.1286616498E-05  0.6962876845E-06
  0.5735294118E+01  0.1204305785E-05  0.6776208949E-06
  0.5882352941E+01  0.1130970165E-05  0.6293565912E-06
  0.6029411765E+01  0.1089000016E-05  0.5877169543E-06
  0.6176470588E+01  0.9955882648E-06  0.5639278089E-06
  0.6323529412E+01  0.9232942464E-06  0.5279059210E-06
  0.6470588235E+01  0.8821037010E-06  0.5071047608E-06
  0.6617647059E+01  0.8402884811E-06  0.4810546853E-06
  0.6764705882E+01  0.7981947079E-06  0.4534118843E-06
  0.6911764706E+01  0.7443366948E-06  0.4353089179E-06
  0.7058823529E+01  0.6979635046E-06  0.4148171705E-06
  0.7205882353E+01  0.6786891975E-06  0.3895310759E-06
  0.7352941176E+01  0.6231563996E-06  0.3691781798E-06
  0.7500000000E+01  0.6030307951E-06  0.3635221961E-06
  0.7647058824E+01  0.5788937948E-06  0.3444981943E-06
  0.7794117647E+01  0.5423916115E-06  0.3284498847E-06
  0.7941176471E+01  0.5330408305E-06  0.3030833552E-06
  0.8088235294E+01  0.4917668360E-06  0.2924324215E-06
  0.8235294118E+01  0.4777253211E-06  0.2796972226E-06
  0.8382352941E+01  0.4386485871E-06  0.2694768649E-06
  0.8529411765E+01  0.4394058221E-06  0.2485614177E-06
  0.8676470588E+01  0.4087473759E-06  0.2408824846E-06
  0.8823529412E+01  0.3948000635E-06  0.2354616467E-06
  0.8970588235E+01  0.3787111198E-06  0.2166671028E-06
  0.9117647059E+01  0.3634120086E-06  0.2102843454E-06
  0.9264705882E+01  0.3449992427E-06  0.2028984588E-06
  0.9411764706E+01  0.3387522956E-06  0.1892901374E-06
  0.9558823529E+01  0.3233006665E-06  0.1810884780E-06
  0.9705882353E+01  0.3091619908E-06  0.1749699513E-06
  0.9852941176E+01  0.2940770795E-06  0.1670950442E-06
  0.1000000000E+02  0.2813692687E-06  0.1576122516E-06
  0.1014705882E+02  0.2646101534E-06  0.1512817567E-06
  0.1029411765E+02  0.2533378192E-06  0.1451722494E-06
  0.1044117647E+02  0.2428559092E-06  0.1395628031E-06
  0.1058823529E+02  0.2367624623E-06  0.1351107366E-06
  0.1073529412E+02  0.2242040654E-06  0.1287165193E-06
  0.1088235294E+02  0.2184107598E-06  0.1226342229E-06
  0.1102941176E+02  0.2063856489E-06  0.1174607720E-06
  0.1117647059E+02  0.2002291501E-06  0.1129823017E-06
  0.1132352941E+02  0.1930058582E-06  0.1066712125E-06
  0.1147058824E+02  0.1826853684E-06  0.1050181449E-06
  0.1161764706E+02  0.1759529102E-06  0.1009909787E-06
  0.1176470588E+02  0.1690901156E-06  0.9719404096E-07
  0.1191176471E+02  0.1616974390E-06  0.9270881649E-07
  0.1205882353E+02  0.1544118906E-06  0.8986780648E-07
  0.1220588235E+02  0.1486779301E-06  0.8692969731E-07
  0.1235294118E+02  0.1419910654E-06  0.8436897410E-07
  0.1250000000E+02  0.1373110271E-06  0.8082367040E-07
  0.1264705882E+02  0.1318931878E-06  0.7713895758E-07
  0.1279411765E+02  0.1258146426E-06  0.7322846490E-07
  0.1294117647E+02  0.1211797463E-06  0.7093809768E-07
  0.1308823529E+02  0.1165887789E-06  0.6839015567E-07
  0.1323529412E+02  0.1118819629E-06  0.6521033784E-07
  0.1338235294E+02  0.1070454448E-06  0.6291494466E-07
  0.1352941176E+02  0.1022124287E-06  0.5991156328E-07
  0.1367647059E+02  0.9848812541E-07  0.5861805403E-07
  0.1382352941E+02  0.9632682698E-07  0.5562068391E-07
  0.1397058824E+02  0.9124488135E-07  0.5385604854E-07
  0.1411764706E+02  0.8826696834E-07  0.5140029613E-07
  0.1426470588E+02  0.8410982249E-07  0.5029638142E-07
  0.1441176471E+02  0.8175224280E-07  0.4744854681E-07
  0.1455882353E+02  0.7854801518E-07  0.4570834142E-07
  0.1470588235E+02  0.7533033142E-07  0.4418484965E-07
  0.1485294118E+02  0.7244968958E-07  0.4204376205E-07
  0.1500000000E+02  0.6906702952E-07  0.4128287673E-07
  0.1514705882E+02  0.6575737689E-07  0.3979455550E-07
  0.1529411765E+02  0.6356739477E-07  0.3816017250E-07
  0.1544117647E+02  0.5987049335E-07  0.3667272260E-07
  0.1558823529E+02  0.5758848967E-07  0.3521768447E-07
  0.1573529412E+02  0.5471350506E-07  0.3384710578E-07
  0.1588235294E+02  0.5264063889E-07  0.3205840034E-07
  0.1602941176E+02  0.5189874417E-07  0.3083777254E-07
  0.1617647059E+02  0.4897825003E-07  0.2992690463E-07
  0.1632352941E+02  0.4696048605E-07  0.2837665232E-07
  0.1647058824E+02  0.4450886332E-07  0.2738109247E-07
  0.1661764706E+02  0.4261782229E-07  0.2608620901E-07
  0.1676470588E+02  0.4088453396E-07  0.2511747677E-07
  0.1691176471E+02  0.3963435075E-07  0.2391134604E-07
  0.1705882353E+02  0.3752611440E-07  0.2312634982E-07
  0.1720588235E+02  0.3601641952E-07  0.2221862368E-07
  0.1735294118E+02  0.3435934479E-07  0.2149502975E-07
  0.1750000000E+02  0.3290851617E-07  0.2076590938E-07
  0.1764705882E+02  0.3114974355E-07  0.1985932939E-07
  0.1779411765E+02  0.2997482007E-07  0.1896074212E-07
  0.1794117647E+02  0.2854613950E-07  0.1829808090E-07
  0.1808823529E+02  0.2709893121E-07  0.1740697868E-07
  0.1823529412E+02  0.2556621903E-07  0.1667736210E-07
  0.1838235294E+02  0.2463100214E-07  0.1619895185E-07
  0.1852941176E+02  0.2340569936E-07  0.1530437148E-07
  0.1867647059E+02  0.2231405902E-07  0.1477920256E-07
  0.1882352941E+02  0.2141738711E-07  0.1396362763E-07
  0.1897058824E+02  0.2024272380E-07  0.1322627719E-07
  0.1911764706E+02  0.1935162776E-07  0.1276329369E-07
  0.1926470588E+02  0.1861255220E-07  0.1213933181E-07
  0.1941176471E+02  0.1750480216E-07  0.1158783304E-07
  0.1955882353E+02  0.1652676080E-07  0.1118308977E-07
  0.1970588235E+02  0.1577421632E-07  0.1069810016E-07
  0.1985294118E+02  0.1487622372E-07  0.1023655751E-07
  0.2000000000E+02  0.1406515586E-07  0.9603946315E-08
  0.2014705882E+02  0.1346910003E-07  0.9199104424E-08
  0.2029411765E+02  0.1284262241E-07  0.8781540857E-08
  0.2044117647E+02  0.1216354833E-07  0.8332496529E-08
  0.2058823529E+02  0.1154298270E-07  0.7960581640E-08
  0.2073529412E+02  0.1084590733E-07  0.7569134660E-08
  0.2088235294E+02  0.1044852706E-07  0.7149313449E-08
  0.2102941176E+02  0.9830983605E-08  0.6754704268E-08
  0.2117647059E+02  0.9274091119E-08  0.6482898759E-08
  0.2132352941E+02  0.8774839070E-08  0.6228271555E-08
  0.2147058824E+02  0.8302796296E-08  0.5840111029E-08
  0.2161764706E+02  0.7853562585E-08  0.5559577559E-08
  0.2176470588E+02  0.7421363557E-08  0.5331369673E-08
  0.2191176471E+02  0.6986376774E-08  0.5059837321E-08
  0.2205882353E+02  0.6638061465E-08  0.4800945546E-08
  0.2220588235E+02  0.6318658026E-08  0.4556684447E-08
  0.2235294118E+02  0.5932939978E-08  0.4371039977E-08
  0.2250000000E+02  0.5574425945E-08  0.4160872787E-08
  0.2264705882E+02  0.5338415122E-08  0.3915387528E-08
  0.2279411765E+02  0.5060293934E-08  0.3756835083E-08
  0.2294117647E+02  0.4818520572E-08  0.3602899708E-08
  0.2308823529E+02  0.4545672822E-08  0.3396151557E-08
  0.2323529412E+02  0.4309537950E-08  0.3260900675E-08
  0.2338235294E+02  0.4060203335E-08  0.3103662552E-08
  0.2352941176E+02  0.3848175904E-08  0.2979168475E-08
  0.2367647059E+02  0.3680287831E-08  0.2859220371E-08
  0.2382352941E+02  0.3481488262E-08  0.2762771812E-08
  0.2397058824E+02  0.3351795620E-08  0.2692432657E-08
  0.2411764706E+02  0.3173433730E-08  0.2612873145E-08
  0.2426470588E+02  0.3043690665E-08  0.2520731855E-08
  0.2441176471E+02  0.2889301291E-08  0.2436575677E-08
  0.2455882353E+02  0.2696142875E-08  0.2331411034E-08
  0.2470588235E+02  0.2429248644E-08  0.2132834743E-08
  0.2485294118E+02  0.2063077742E-08  0.1824594509E-08
 
 
 # TIME       12905.0149999740     
  0.0000000000E+00  0.6756201013E-03  0.1000000000E+01
  0.1470588235E+00  0.1498339418E-02  0.2735054853E-03
  0.2941176471E+00  0.3828135650E-03  0.8436540833E-04
  0.4411764706E+00  0.3826944751E-03  0.5500011743E-04
  0.5882352941E+00  0.2603512866E-03  0.3765640982E-04
  0.7352941176E+00  0.1305380563E-03  0.3117173370E-04
  0.8823529412E+00  0.1046316524E-03  0.2314270482E-04
  0.1029411765E+01  0.6469527968E-04  0.2447938170E-04
  0.1176470588E+01  0.4497657036E-04  0.1638367349E-04
  0.1323529412E+01  0.3081077835E-04  0.1244427909E-04
  0.1470588235E+01  0.2439244159E-04  0.1011417375E-04
  0.1617647059E+01  0.1850390465E-04  0.8838684316E-05
  0.1764705882E+01  0.1520487256E-04  0.8313282575E-05
  0.1911764706E+01  0.1333510170E-04  0.6610589651E-05
  0.2058823529E+01  0.1019277543E-04  0.5684144565E-05
  0.2205882353E+01  0.9512545035E-05  0.5260725900E-05
  0.2352941176E+01  0.8964815550E-05  0.4914465750E-05
  0.2500000000E+01  0.7658117261E-05  0.4100844329E-05
  0.2647058824E+01  0.6681967031E-05  0.3665489458E-05
  0.2794117647E+01  0.6530203805E-05  0.3447440205E-05
  0.2941176471E+01  0.5600589339E-05  0.2958712777E-05
  0.3088235294E+01  0.5040244891E-05  0.2762597977E-05
  0.3235294118E+01  0.4317443414E-05  0.2549963390E-05
  0.3382352941E+01  0.4190765169E-05  0.2281055346E-05
  0.3529411765E+01  0.3746340327E-05  0.2195734927E-05
  0.3676470588E+01  0.3379281683E-05  0.1875797194E-05
  0.3823529412E+01  0.3048112796E-05  0.1749510748E-05
  0.3970588235E+01  0.2795203473E-05  0.1528440223E-05
  0.4117647059E+01  0.2644632932E-05  0.1470304145E-05
  0.4264705882E+01  0.2476238464E-05  0.1330599899E-05
  0.4411764706E+01  0.2211933179E-05  0.1274716627E-05
  0.4558823529E+01  0.2004509061E-05  0.1161357529E-05
  0.4705882353E+01  0.1919602030E-05  0.1050762897E-05
  0.4852941176E+01  0.1776836952E-05  0.9973764433E-06
  0.5000000000E+01  0.1624213549E-05  0.9347074175E-06
  0.5147058824E+01  0.1515323979E-05  0.8707041446E-06
  0.5294117647E+01  0.1457353891E-05  0.7994384338E-06
  0.5441176471E+01  0.1319506157E-05  0.7503313385E-06
  0.5588235294E+01  0.1286656539E-05  0.6962441440E-06
  0.5735294118E+01  0.1204284580E-05  0.6775326464E-06
  0.5882352941E+01  0.1131075330E-05  0.6293604610E-06
  0.6029411765E+01  0.1089075497E-05  0.5876822531E-06
  0.6176470588E+01  0.9956717822E-06  0.5639744056E-06
  0.6323529412E+01  0.9233833867E-06  0.5278336489E-06
  0.6470588235E+01  0.8821951215E-06  0.5071406376E-06
  0.6617647059E+01  0.8403023034E-06  0.4810844375E-06
  0.6764705882E+01  0.7980899390E-06  0.4534232967E-06
  0.6911764706E+01  0.7443766146E-06  0.4352142275E-06
  0.7058823529E+01  0.6979924022E-06  0.4147930553E-06
  0.7205882353E+01  0.6786760981E-06  0.3895366806E-06
  0.7352941176E+01  0.6231535105E-06  0.3691743446E-06
  0.7500000000E+01  0.6029301909E-06  0.3635542718E-06
  0.7647058824E+01  0.5788854543E-06  0.3444632974E-06
  0.7794117647E+01  0.5424115141E-06  0.3284653200E-06
  0.7941176471E+01  0.5329982868E-06  0.3030692344E-06
  0.8088235294E+01  0.4917848221E-06  0.2924075562E-06
  0.8235294118E+01  0.4777279113E-06  0.2797003155E-06
  0.8382352941E+01  0.4386468783E-06  0.2694898434E-06
  0.8529411765E+01  0.4393583998E-06  0.2485738691E-06
  0.8676470588E+01  0.4088208336E-06  0.2408798242E-06
  0.8823529412E+01  0.3947761681E-06  0.2354064820E-06
  0.8970588235E+01  0.3787860779E-06  0.2166371026E-06
  0.9117647059E+01  0.3634101293E-06  0.2102919484E-06
  0.9264705882E+01  0.3450418398E-06  0.2028868138E-06
  0.9411764706E+01  0.3387727210E-06  0.1893158504E-06
  0.9558823529E+01  0.3233340110E-06  0.1810795478E-06
  0.9705882353E+01  0.3092342138E-06  0.1749462642E-06
  0.9852941176E+01  0.2940957288E-06  0.1671002324E-06
  0.1000000000E+02  0.2814152936E-06  0.1575974760E-06
  0.1014705882E+02  0.2646282379E-06  0.1512616316E-06
  0.1029411765E+02  0.2533823766E-06  0.1451718142E-06
  0.1044117647E+02  0.2428736527E-06  0.1395641347E-06
  0.1058823529E+02  0.2367687016E-06  0.1351184956E-06
  0.1073529412E+02  0.2242192938E-06  0.1286970494E-06
  0.1088235294E+02  0.2184221832E-06  0.1226418877E-06
  0.1102941176E+02  0.2063867376E-06  0.1174736727E-06
  0.1117647059E+02  0.2002403323E-06  0.1129900992E-06
  0.1132352941E+02  0.1930200016E-06  0.1066931283E-06
  0.1147058824E+02  0.1826958100E-06  0.1050134234E-06
  0.1161764706E+02  0.1759461494E-06  0.1009966212E-06
  0.1176470588E+02  0.1690998355E-06  0.9718936672E-07
  0.1191176471E+02  0.1616989357E-06  0.9270941900E-07
  0.1205882353E+02  0.1544074542E-06  0.8986706461E-07
  0.1220588235E+02  0.1486658472E-06  0.8693003237E-07
  0.1235294118E+02  0.1419812536E-06  0.8436700568E-07
  0.1250000000E+02  0.1373138783E-06  0.8082869929E-07
  0.1264705882E+02  0.1318881873E-06  0.7713886738E-07
  0.1279411765E+02  0.1258094754E-06  0.7323761904E-07
  0.1294117647E+02  0.1211756836E-06  0.7094054635E-07
  0.1308823529E+02  0.1165823388E-06  0.6839496919E-07
  0.1323529412E+02  0.1118791637E-06  0.6521402665E-07
  0.1338235294E+02  0.1070563471E-06  0.6291497308E-07
  0.1352941176E+02  0.1022200165E-06  0.5991047245E-07
  0.1367647059E+02  0.9849138698E-07  0.5861934956E-07
  0.1382352941E+02  0.9633178296E-07  0.5562197715E-07
  0.1397058824E+02  0.9124570433E-07  0.5385281075E-07
  0.1411764706E+02  0.8826658042E-07  0.5139294376E-07
  0.1426470588E+02  0.8411344116E-07  0.5029903953E-07
  0.1441176471E+02  0.8174979790E-07  0.4744339690E-07
  0.1455882353E+02  0.7854022108E-07  0.4571392239E-07
  0.1470588235E+02  0.7533983264E-07  0.4418592929E-07
  0.1485294118E+02  0.7244460884E-07  0.4204520941E-07
  0.1500000000E+02  0.6906311561E-07  0.4128841160E-07
  0.1514705882E+02  0.6575716946E-07  0.3979571538E-07
  0.1529411765E+02  0.6357179603E-07  0.3815851964E-07
  0.1544117647E+02  0.5986626464E-07  0.3667323292E-07
  0.1558823529E+02  0.5758593540E-07  0.3522171646E-07
  0.1573529412E+02  0.5471098043E-07  0.3384948856E-07
  0.1588235294E+02  0.5264626670E-07  0.3205664199E-07
  0.1602941176E+02  0.5190041572E-07  0.3083647105E-07
  0.1617647059E+02  0.4897901064E-07  0.2992614120E-07
  0.1632352941E+02  0.4695949761E-07  0.2837595892E-07
  0.1647058824E+02  0.4450907132E-07  0.2738069165E-07
  0.1661764706E+02  0.4262092147E-07  0.2608353344E-07
  0.1676470588E+02  0.4088684347E-07  0.2511640175E-07
  0.1691176471E+02  0.3963790127E-07  0.2390925141E-07
  0.1705882353E+02  0.3752828843E-07  0.2312717199E-07
  0.1720588235E+02  0.3601902638E-07  0.2221691938E-07
  0.1735294118E+02  0.3436012616E-07  0.2149332025E-07
  0.1750000000E+02  0.3291352669E-07  0.2076548694E-07
  0.1764705882E+02  0.3115145663E-07  0.1985890907E-07
  0.1779411765E+02  0.2997783428E-07  0.1896085466E-07
  0.1794117647E+02  0.2854489329E-07  0.1829692065E-07
  0.1808823529E+02  0.2709765506E-07  0.1740645354E-07
  0.1823529412E+02  0.2556720754E-07  0.1667711131E-07
  0.1838235294E+02  0.2463215168E-07  0.1619646327E-07
  0.1852941176E+02  0.2340688459E-07  0.1530578520E-07
  0.1867647059E+02  0.2231533593E-07  0.1478029466E-07
  0.1882352941E+02  0.2141684087E-07  0.1396529177E-07
  0.1897058824E+02  0.2024381748E-07  0.1322640644E-07
  0.1911764706E+02  0.1935218133E-07  0.1276395916E-07
  0.1926470588E+02  0.1861264132E-07  0.1214024855E-07
  0.1941176471E+02  0.1750465878E-07  0.1158821594E-07
  0.1955882353E+02  0.1652798861E-07  0.1118407308E-07
  0.1970588235E+02  0.1577271803E-07  0.1069792520E-07
  0.1985294118E+02  0.1487644974E-07  0.1023629688E-07
  0.2000000000E+02  0.1406543419E-07  0.9603972740E-08
  0.2014705882E+02  0.1346941273E-07  0.9199367855E-08
  0.2029411765E+02  0.1284213286E-07  0.8781896865E-08
  0.2044117647E+02  0.1216283368E-07  0.8332762461E-08
  0.2058823529E+02  0.1154272474E-07  0.7961333379E-08
  0.2073529412E+02  0.1084589598E-07  0.7569720442E-08
  0.2088235294E+02  0.1044853608E-07  0.7148818660E-08
  0.2102941176E+02  0.9830799332E-08  0.6755345568E-08
  0.2117647059E+02  0.9273560412E-08  0.6483474671E-08
  0.2132352941E+02  0.8775308748E-08  0.6227900737E-08
  0.2147058824E+02  0.8303227480E-08  0.5840140644E-08
  0.2161764706E+02  0.7853331710E-08  0.5559762077E-08
  0.2176470588E+02  0.7421461455E-08  0.5331833797E-08
  0.2191176471E+02  0.6985717786E-08  0.5060719734E-08
  0.2205882353E+02  0.6638226260E-08  0.4801195478E-08
  0.2220588235E+02  0.6318832275E-08  0.4557483391E-08
  0.2235294118E+02  0.5932998330E-08  0.4371439640E-08
  0.2250000000E+02  0.5574831626E-08  0.4160863827E-08
  0.2264705882E+02  0.5338473703E-08  0.3915563369E-08
  0.2279411765E+02  0.5060869592E-08  0.3757292177E-08
  0.2294117647E+02  0.4818534947E-08  0.3603103768E-08
  0.2308823529E+02  0.4546095982E-08  0.3396650228E-08
  0.2323529412E+02  0.4309852437E-08  0.3261127182E-08
  0.2338235294E+02  0.4060192156E-08  0.3103484449E-08
  0.2352941176E+02  0.3848796121E-08  0.2979069464E-08
  0.2367647059E+02  0.3680539222E-08  0.2859478954E-08
  0.2382352941E+02  0.3481779172E-08  0.2762572335E-08
  0.2397058824E+02  0.3352157946E-08  0.2692773468E-08
  0.2411764706E+02  0.3173942596E-08  0.2613059156E-08
  0.2426470588E+02  0.3043839452E-08  0.2520819143E-08
  0.2441176471E+02  0.2889365206E-08  0.2436722483E-08
  0.2455882353E+02  0.2696414419E-08  0.2331686488E-08
  0.2470588235E+02  0.2429452000E-08  0.2133041177E-08
  0.2485294118E+02  0.2063318682E-08  0.1824906818E-08
 
 
 # TIME       12905.0199999740     
  0.0000000000E+00  0.6754907946E-03  0.1000000000E+01
  0.1470588235E+00  0.1498273817E-02  0.2735166881E-03
  0.2941176471E+00  0.3828084670E-03  0.8435676545E-04
  0.4411764706E+00  0.3827034203E-03  0.5499801979E-04
  0.5882352941E+00  0.2603530805E-03  0.3765298201E-04
  0.7352941176E+00  0.1305394200E-03  0.3117028076E-04
  0.8823529412E+00  0.1046372996E-03  0.2314200858E-04
  0.1029411765E+01  0.6468804631E-04  0.2447964700E-04
  0.1176470588E+01  0.4497883154E-04  0.1638398612E-04
  0.1323529412E+01  0.3081278567E-04  0.1244437090E-04
  0.1470588235E+01  0.2439339515E-04  0.1011493832E-04
  0.1617647059E+01  0.1850337166E-04  0.8838248313E-05
  0.1764705882E+01  0.1520373598E-04  0.8313619845E-05
  0.1911764706E+01  0.1333429593E-04  0.6610393314E-05
  0.2058823529E+01  0.1019332997E-04  0.5684213823E-05
  0.2205882353E+01  0.9511623524E-05  0.5260706185E-05
  0.2352941176E+01  0.8964359228E-05  0.4914318532E-05
  0.2500000000E+01  0.7657767130E-05  0.4100649460E-05
  0.2647058824E+01  0.6682265015E-05  0.3665260012E-05
  0.2794117647E+01  0.6530495780E-05  0.3447443267E-05
  0.2941176471E+01  0.5600596128E-05  0.2958486425E-05
  0.3088235294E+01  0.5039831288E-05  0.2762753369E-05
  0.3235294118E+01  0.4317209754E-05  0.2550216645E-05
  0.3382352941E+01  0.4191290169E-05  0.2281036450E-05
  0.3529411765E+01  0.3746624330E-05  0.2195310809E-05
  0.3676470588E+01  0.3379189771E-05  0.1875693467E-05
  0.3823529412E+01  0.3048102461E-05  0.1749557623E-05
  0.3970588235E+01  0.2795110238E-05  0.1528426716E-05
  0.4117647059E+01  0.2644683828E-05  0.1470266708E-05
  0.4264705882E+01  0.2475936916E-05  0.1330554010E-05
  0.4411764706E+01  0.2212186095E-05  0.1274741835E-05
  0.4558823529E+01  0.2004523439E-05  0.1161369598E-05
  0.4705882353E+01  0.1919641228E-05  0.1050853365E-05
  0.4852941176E+01  0.1776805494E-05  0.9973776386E-06
  0.5000000000E+01  0.1624199463E-05  0.9348086721E-06
  0.5147058824E+01  0.1515663316E-05  0.8706766822E-06
  0.5294117647E+01  0.1457443493E-05  0.7994304553E-06
  0.5441176471E+01  0.1319574922E-05  0.7502809001E-06
  0.5588235294E+01  0.1286695319E-05  0.6962008045E-06
  0.5735294118E+01  0.1204263603E-05  0.6774444114E-06
  0.5882352941E+01  0.1131180471E-05  0.6293654445E-06
  0.6029411765E+01  0.1089151407E-05  0.5876474714E-06
  0.6176470588E+01  0.9957548100E-06  0.5640203609E-06
  0.6323529412E+01  0.9234725448E-06  0.5277614433E-06
  0.6470588235E+01  0.8822865829E-06  0.5071772590E-06
  0.6617647059E+01  0.8403161696E-06  0.4811143578E-06
  0.6764705882E+01  0.7979846595E-06  0.4534352160E-06
  0.6911764706E+01  0.7444156617E-06  0.4351204366E-06
  0.7058823529E+01  0.6980217623E-06  0.4147684935E-06
  0.7205882353E+01  0.6786630774E-06  0.3895423444E-06
  0.7352941176E+01  0.6231514916E-06  0.3691706328E-06
  0.7500000000E+01  0.6028301262E-06  0.3635860232E-06
  0.7647058824E+01  0.5788762278E-06  0.3444284692E-06
  0.7794117647E+01  0.5424314897E-06  0.3284803999E-06
  0.7941176471E+01  0.5329556841E-06  0.3030554346E-06
  0.8088235294E+01  0.4918038383E-06  0.2923824971E-06
  0.8235294118E+01  0.4777297539E-06  0.2797030510E-06
  0.8382352941E+01  0.4386455645E-06  0.2695024422E-06
  0.8529411765E+01  0.4393105694E-06  0.2485865517E-06
  0.8676470588E+01  0.4088943348E-06  0.2408775406E-06
  0.8823529412E+01  0.3947518830E-06  0.2353514051E-06
  0.8970588235E+01  0.3788605649E-06  0.2166071833E-06
  0.9117647059E+01  0.3634081306E-06  0.2102998973E-06
  0.9264705882E+01  0.3450845247E-06  0.2028751833E-06
  0.9411764706E+01  0.3387926680E-06  0.1893415960E-06
  0.9558823529E+01  0.3233671001E-06  0.1810705253E-06
  0.9705882353E+01  0.3093058744E-06  0.1749227416E-06
  0.9852941176E+01  0.2941144261E-06  0.1671053220E-06
  0.1000000000E+02  0.2814616902E-06  0.1575828976E-06
  0.1014705882E+02  0.2646465709E-06  0.1512414469E-06
  0.1029411765E+02  0.2534268011E-06  0.1451712945E-06
  0.1044117647E+02  0.2428918132E-06  0.1395655312E-06
  0.1058823529E+02  0.2367747788E-06  0.1351262497E-06
  0.1073529412E+02  0.2242349047E-06  0.1286775517E-06
  0.1088235294E+02  0.2184334321E-06  0.1226494255E-06
  0.1102941176E+02  0.2063874456E-06  0.1174865685E-06
  0.1117647059E+02  0.2002514687E-06  0.1129979429E-06
  0.1132352941E+02  0.1930339021E-06  0.1067152682E-06
  0.1147058824E+02  0.1827063181E-06  0.1050087702E-06
  0.1161764706E+02  0.1759392538E-06  0.1010022606E-06
  0.1176470588E+02  0.1691093095E-06  0.9718465842E-07
  0.1191176471E+02  0.1617002890E-06  0.9271025041E-07
  0.1205882353E+02  0.1544029988E-06  0.8986658693E-07
  0.1220588235E+02  0.1486535753E-06  0.8693033630E-07
  0.1235294118E+02  0.1419714849E-06  0.8436503728E-07
  0.1250000000E+02  0.1373167397E-06  0.8083363402E-07
  0.1264705882E+02  0.1318833521E-06  0.7713864589E-07
  0.1279411765E+02  0.1258045793E-06  0.7324680862E-07
  0.1294117647E+02  0.1211717938E-06  0.7094295162E-07
  0.1308823529E+02  0.1165759141E-06  0.6839975150E-07
  0.1323529412E+02  0.1118763249E-06  0.6521765411E-07
  0.1338235294E+02  0.1070672870E-06  0.6291496497E-07
  0.1352941176E+02  0.1022273367E-06  0.5990942409E-07
  0.1367647059E+02  0.9849467947E-07  0.5862065978E-07
  0.1382352941E+02  0.9633656672E-07  0.5562336930E-07
  0.1397058824E+02  0.9124664001E-07  0.5384967415E-07
  0.1411764706E+02  0.8826615724E-07  0.5138562231E-07
  0.1426470588E+02  0.8411713806E-07  0.5030161625E-07
  0.1441176471E+02  0.8174735103E-07  0.4743831655E-07
  0.1455882353E+02  0.7853245842E-07  0.4571949663E-07
  0.1470588235E+02  0.7534930353E-07  0.4418702972E-07
  0.1485294118E+02  0.7243965116E-07  0.4204680365E-07
  0.1500000000E+02  0.6905915129E-07  0.4129388870E-07
  0.1514705882E+02  0.6575696210E-07  0.3979683244E-07
  0.1529411765E+02  0.6357612707E-07  0.3815685008E-07
  0.1544117647E+02  0.5986204622E-07  0.3667372749E-07
  0.1558823529E+02  0.5758343252E-07  0.3522568419E-07
  0.1573529412E+02  0.5470847465E-07  0.3385183112E-07
  0.1588235294E+02  0.5265195919E-07  0.3205489837E-07
  0.1602941176E+02  0.5190198673E-07  0.3083519461E-07
  0.1617647059E+02  0.4897972480E-07  0.2992538420E-07
  0.1632352941E+02  0.4695847184E-07  0.2837530091E-07
  0.1647058824E+02  0.4450932415E-07  0.2738029152E-07
  0.1661764706E+02  0.4262400209E-07  0.2608089639E-07
  0.1676470588E+02  0.4088913814E-07  0.2511529183E-07
  0.1691176471E+02  0.3964149591E-07  0.2390720576E-07
  0.1705882353E+02  0.3753050000E-07  0.2312800322E-07
  0.1720588235E+02  0.3602162794E-07  0.2221523868E-07
  0.1735294118E+02  0.3436093353E-07  0.2149158544E-07
  0.1750000000E+02  0.3291854348E-07  0.2076503558E-07
  0.1764705882E+02  0.3115319535E-07  0.1985848054E-07
  0.1779411765E+02  0.2998080250E-07  0.1896098689E-07
  0.1794117647E+02  0.2854366884E-07  0.1829572642E-07
  0.1808823529E+02  0.2709632982E-07  0.1740594713E-07
  0.1823529412E+02  0.2556818874E-07  0.1667689662E-07
  0.1838235294E+02  0.2463329003E-07  0.1619394252E-07
  0.1852941176E+02  0.2340812975E-07  0.1530722261E-07
  0.1867647059E+02  0.2231664602E-07  0.1478138552E-07
  0.1882352941E+02  0.2141623627E-07  0.1396694872E-07
  0.1897058824E+02  0.2024493298E-07  0.1322654926E-07
  0.1911764706E+02  0.1935276310E-07  0.1276462085E-07
  0.1926470588E+02  0.1861269579E-07  0.1214116141E-07
  0.1941176471E+02  0.1750455041E-07  0.1158860925E-07
  0.1955882353E+02  0.1652924235E-07  0.1118503628E-07
  0.1970588235E+02  0.1577122091E-07  0.1069773680E-07
  0.1985294118E+02  0.1487671704E-07  0.1023603009E-07
  0.2000000000E+02  0.1406575347E-07  0.9603995588E-08
  0.2014705882E+02  0.1346971152E-07  0.9199630055E-08
  0.2029411765E+02  0.1284166311E-07  0.8782243094E-08
  0.2044117647E+02  0.1216211623E-07  0.8333025971E-08
  0.2058823529E+02  0.1154247005E-07  0.7962078125E-08
  0.2073529412E+02  0.1084589899E-07  0.7570305683E-08
  0.2088235294E+02  0.1044855773E-07  0.7148339633E-08
  0.2102941176E+02  0.9830622438E-08  0.6755994019E-08
  0.2117647059E+02  0.9273048447E-08  0.6484048269E-08
  0.2132352941E+02  0.8775778127E-08  0.6227517597E-08
  0.2147058824E+02  0.8303669483E-08  0.5840166430E-08
  0.2161764706E+02  0.7853099600E-08  0.5559948822E-08
  0.2176470588E+02  0.7421576272E-08  0.5332300971E-08
  0.2191176471E+02  0.6985069318E-08  0.5061595002E-08
  0.2205882353E+02  0.6638388318E-08  0.4801450476E-08
  0.2220588235E+02  0.6319000056E-08  0.4558289981E-08
  0.2235294118E+02  0.5933059653E-08  0.4371840946E-08
  0.2250000000E+02  0.5575250457E-08  0.4160856009E-08
  0.2264705882E+02  0.5338539271E-08  0.3915746149E-08
  0.2279411765E+02  0.5061444298E-08  0.3757751126E-08
  0.2294117647E+02  0.4818545014E-08  0.3603310420E-08
  0.2308823529E+02  0.4546528852E-08  0.3397152549E-08
  0.2323529412E+02  0.4310172231E-08  0.3261359807E-08
  0.2338235294E+02  0.4060189759E-08  0.3103311239E-08
  0.2352941176E+02  0.3849427836E-08  0.2978970962E-08
  0.2367647059E+02  0.3680789242E-08  0.2859734159E-08
  0.2382352941E+02  0.3482082278E-08  0.2762377403E-08
  0.2397058824E+02  0.3352518633E-08  0.2693116681E-08
  0.2411764706E+02  0.3174462209E-08  0.2613249233E-08
  0.2426470588E+02  0.3043988537E-08  0.2520906630E-08
  0.2441176471E+02  0.2889424982E-08  0.2436869026E-08
  0.2455882353E+02  0.2696683191E-08  0.2331967484E-08
  0.2470588235E+02  0.2429652992E-08  0.2133246854E-08
  0.2485294118E+02  0.2063561476E-08  0.1825222569E-08
 
 
 # TIME       12905.0249999740     
  0.0000000000E+00  0.6753614976E-03  0.1000000000E+01
  0.1470588235E+00  0.1498208163E-02  0.2735278730E-03
  0.2941176471E+00  0.3828034282E-03  0.8434812935E-04
  0.4411764706E+00  0.3827123576E-03  0.5499592160E-04
  0.5882352941E+00  0.2603548685E-03  0.3764956147E-04
  0.7352941176E+00  0.1305407842E-03  0.3116883311E-04
  0.8823529412E+00  0.1046429361E-03  0.2314131321E-04
  0.1029411765E+01  0.6468081513E-04  0.2447990682E-04
  0.1176470588E+01  0.4498109418E-04  0.1638429797E-04
  0.1323529412E+01  0.3081479128E-04  0.1244445942E-04
  0.1470588235E+01  0.2439434965E-04  0.1011570863E-04
  0.1617647059E+01  0.1850284245E-04  0.8837812185E-05
  0.1764705882E+01  0.1520260010E-04  0.8313959236E-05
  0.1911764706E+01  0.1333349115E-04  0.6610193144E-05
  0.2058823529E+01  0.1019388267E-04  0.5684283618E-05
  0.2205882353E+01  0.9510702554E-05  0.5260683998E-05
  0.2352941176E+01  0.8963905543E-05  0.4914165562E-05
  0.2500000000E+01  0.7657415767E-05  0.4100456692E-05
  0.2647058824E+01  0.6682564706E-05  0.3665033792E-05
  0.2794117647E+01  0.6530786006E-05  0.3447442689E-05
  0.2941176471E+01  0.5600605487E-05  0.2958261544E-05
  0.3088235294E+01  0.5039420221E-05  0.2762909882E-05
  0.3235294118E+01  0.4316978700E-05  0.2550470784E-05
  0.3382352941E+01  0.4191814165E-05  0.2281015276E-05
  0.3529411765E+01  0.3746907406E-05  0.2194884896E-05
  0.3676470588E+01  0.3379097619E-05  0.1875588827E-05
  0.3823529412E+01  0.3048092288E-05  0.1749604792E-05
  0.3970588235E+01  0.2795018840E-05  0.1528413940E-05
  0.4117647059E+01  0.2644734598E-05  0.1470231089E-05
  0.4264705882E+01  0.2475634184E-05  0.1330508841E-05
  0.4411764706E+01  0.2212439090E-05  0.1274766533E-05
  0.4558823529E+01  0.2004539800E-05  0.1161381090E-05
  0.4705882353E+01  0.1919678826E-05  0.1050943747E-05
  0.4852941176E+01  0.1776773350E-05  0.9973776508E-06
  0.5000000000E+01  0.1624186051E-05  0.9349098440E-06
  0.5147058824E+01  0.1516001419E-05  0.8706504556E-06
  0.5294117647E+01  0.1457531998E-05  0.7994223326E-06
  0.5441176471E+01  0.1319643423E-05  0.7502314860E-06
  0.5588235294E+01  0.1286732818E-05  0.6961576882E-06
  0.5735294118E+01  0.1204242875E-05  0.6773562234E-06
  0.5882352941E+01  0.1131285576E-05  0.6293715188E-06
  0.6029411765E+01  0.1089227744E-05  0.5876126324E-06
  0.6176470588E+01  0.9958373418E-06  0.5640656941E-06
  0.6323529412E+01  0.9235617216E-06  0.5276893042E-06
  0.6470588235E+01  0.8823780695E-06  0.5072145936E-06
  0.6617647059E+01  0.8403300650E-06  0.4811444537E-06
  0.6764705882E+01  0.7978788626E-06  0.4534476269E-06
  0.6911764706E+01  0.7444538425E-06  0.4350275415E-06
  0.7058823529E+01  0.6980515869E-06  0.4147434756E-06
  0.7205882353E+01  0.6786501367E-06  0.3895480841E-06
  0.7352941176E+01  0.6231503427E-06  0.3691670305E-06
  0.7500000000E+01  0.6027306110E-06  0.3636174386E-06
  0.7647058824E+01  0.5788661143E-06  0.3443937115E-06
  0.7794117647E+01  0.5424515174E-06  0.3284951314E-06
  0.7941176471E+01  0.5329130218E-06  0.3030419655E-06
  0.8088235294E+01  0.4918238781E-06  0.2923572433E-06
  0.8235294118E+01  0.4777308491E-06  0.2797054210E-06
  0.8382352941E+01  0.4386446531E-06  0.2695146671E-06
  0.8529411765E+01  0.4392623391E-06  0.2485994639E-06
  0.8676470588E+01  0.4089678730E-06  0.2408756351E-06
  0.8823529412E+01  0.3947272087E-06  0.2352964189E-06
  0.8970588235E+01  0.3789345717E-06  0.2165773515E-06
  0.9117647059E+01  0.3634060240E-06  0.2103081851E-06
  0.9264705882E+01  0.3451272905E-06  0.2028635655E-06
  0.9411764706E+01  0.3388121423E-06  0.1893673645E-06
  0.9558823529E+01  0.3233999306E-06  0.1810614113E-06
  0.9705882353E+01  0.3093769592E-06  0.1748993867E-06
  0.9852941176E+01  0.2941331694E-06  0.1671103052E-06
  0.1000000000E+02  0.2815084552E-06  0.1575685166E-06
  0.1014705882E+02  0.2646651487E-06  0.1512212078E-06
  0.1029411765E+02  0.2534710829E-06  0.1451706881E-06
  0.1044117647E+02  0.2429103905E-06  0.1395669886E-06
  0.1058823529E+02  0.2367806966E-06  0.1351340023E-06
  0.1073529412E+02  0.2242508938E-06  0.1286580282E-06
  0.1088235294E+02  0.2184445103E-06  0.1226568357E-06
  0.1102941176E+02  0.2063877708E-06  0.1174994599E-06
  0.1117647059E+02  0.2002625554E-06  0.1130058324E-06
  0.1132352941E+02  0.1930475565E-06  0.1067376288E-06
  0.1147058824E+02  0.1827168920E-06  0.1050041867E-06
  0.1161764706E+02  0.1759322218E-06  0.1010078965E-06
  0.1176470588E+02  0.1691185349E-06  0.9717991581E-07
  0.1191176471E+02  0.1617015002E-06  0.9271131094E-07
  0.1205882353E+02  0.1543985273E-06  0.8986637618E-07
  0.1220588235E+02  0.1486411176E-06  0.8693060717E-07
  0.1235294118E+02  0.1419617572E-06  0.8436306890E-07
  0.1250000000E+02  0.1373196077E-06  0.8083847440E-07
  0.1264705882E+02  0.1318786822E-06  0.7713829342E-07
  0.1279411765E+02  0.1257999582E-06  0.7325603496E-07
  0.1294117647E+02  0.1211680763E-06  0.7094531292E-07
  0.1308823529E+02  0.1165695092E-06  0.6840450158E-07
  0.1323529412E+02  0.1118734499E-06  0.6522121845E-07
  0.1338235294E+02  0.1070782577E-06  0.6291491941E-07
  0.1352941176E+02  0.1022343886E-06  0.5990842057E-07
  0.1367647059E+02  0.9849799983E-07  0.5862198371E-07
  0.1382352941E+02  0.9634117314E-07  0.5562486134E-07
  0.1397058824E+02  0.9124768512E-07  0.5384663780E-07
  0.1411764706E+02  0.8826569767E-07  0.5137833487E-07
  0.1426470588E+02  0.8412091090E-07  0.5030411168E-07
  0.1441176471E+02  0.8174489975E-07  0.4743330759E-07
  0.1455882353E+02  0.7852473439E-07  0.4572506230E-07
  0.1470588235E+02  0.7535874353E-07  0.4418815086E-07
  0.1485294118E+02  0.7243481857E-07  0.4204854548E-07
  0.1500000000E+02  0.6905513758E-07  0.4129930594E-07
  0.1514705882E+02  0.6575675439E-07  0.3979790573E-07
  0.1529411765E+02  0.6358038848E-07  0.3815516511E-07
  0.1544117647E+02  0.5985784166E-07  0.3667420538E-07
  0.1558823529E+02  0.5758098346E-07  0.3522958745E-07
  0.1573529412E+02  0.5470599028E-07  0.3385413169E-07
  0.1588235294E+02  0.5265771314E-07  0.3205317028E-07
  0.1602941176E+02  0.5190345676E-07  0.3083394335E-07
  0.1617647059E+02  0.4898039437E-07  0.2992463455E-07
  0.1632352941E+02  0.4695741042E-07  0.2837467915E-07
  0.1647058824E+02  0.4450962084E-07  0.2737989277E-07
  0.1661764706E+02  0.4262706391E-07  0.2607829843E-07
  0.1676470588E+02  0.4089141876E-07  0.2511414662E-07
  0.1691176471E+02  0.3964513306E-07  0.2390520932E-07
  0.1705882353E+02  0.3753274937E-07  0.2312884376E-07
  0.1720588235E+02  0.3602422279E-07  0.2221358215E-07
  0.1735294118E+02  0.3436176793E-07  0.2148982569E-07
  0.1750000000E+02  0.3292356286E-07  0.2076455504E-07
  0.1764705882E+02  0.3115495939E-07  0.1985804376E-07
  0.1779411765E+02  0.2998372356E-07  0.1896113855E-07
  0.1794117647E+02  0.2854246673E-07  0.1829449893E-07
  0.1808823529E+02  0.2709495548E-07  0.1740545980E-07
  0.1823529412E+02  0.2556916111E-07  0.1667671876E-07
  0.1838235294E+02  0.2463441564E-07  0.1619139097E-07
  0.1852941176E+02  0.2340943385E-07  0.1530868261E-07
  0.1867647059E+02  0.2231798854E-07  0.1478247465E-07
  0.1882352941E+02  0.2141557468E-07  0.1396859808E-07
  0.1897058824E+02  0.2024606993E-07  0.1322670589E-07
  0.1911764706E+02  0.1935337233E-07  0.1276527862E-07
  0.1926470588E+02  0.1861271524E-07  0.1214207060E-07
  0.1941176471E+02  0.1750447616E-07  0.1158901306E-07
  0.1955882353E+02  0.1653052124E-07  0.1118597932E-07
  0.1970588235E+02  0.1576972477E-07  0.1069753534E-07
  0.1985294118E+02  0.1487702589E-07  0.1023575751E-07
  0.2000000000E+02  0.1406611309E-07  0.9604015062E-08
  0.2014705882E+02  0.1346999593E-07  0.9199891266E-08
  0.2029411765E+02  0.1284121322E-07  0.8782579677E-08
  0.2044117647E+02  0.1216139595E-07  0.8333287058E-08
  0.2058823529E+02  0.1154221863E-07  0.7962815551E-08
  0.2073529412E+02  0.1084591590E-07  0.7570890259E-08
  0.2088235294E+02  0.1044859112E-07  0.7147876478E-08
  0.2102941176E+02  0.9830453627E-08  0.6756649316E-08
  0.2117647059E+02  0.9272555936E-08  0.6484619425E-08
  0.2132352941E+02  0.8776247107E-08  0.6227122490E-08
  0.2147058824E+02  0.8304122427E-08  0.5840188316E-08
  0.2161764706E+02  0.7852866583E-08  0.5560137786E-08
  0.2176470588E+02  0.7421708294E-08  0.5332771339E-08
  0.2191176471E+02  0.6984432194E-08  0.5062462936E-08
  0.2205882353E+02  0.6638547916E-08  0.4801710690E-08
  0.2220588235E+02  0.6319161373E-08  0.4559103986E-08
  0.2235294118E+02  0.5933123839E-08  0.4372243856E-08
  0.2250000000E+02  0.5575681996E-08  0.4160849380E-08
  0.2264705882E+02  0.5338611987E-08  0.3915935853E-08
  0.2279411765E+02  0.5062017620E-08  0.3758211853E-08
  0.2294117647E+02  0.4818550907E-08  0.3603519698E-08
  0.2308823529E+02  0.4546971457E-08  0.3397658431E-08
  0.2323529412E+02  0.4310497140E-08  0.3261598672E-08
  0.2338235294E+02  0.4060196306E-08  0.3103143217E-08
  0.2352941176E+02  0.3850070971E-08  0.2978873021E-08
  0.2367647059E+02  0.3681037896E-08  0.2859985919E-08
  0.2382352941E+02  0.3482397568E-08  0.2762187240E-08
  0.2397058824E+02  0.3352877616E-08  0.2693462150E-08
  0.2411764706E+02  0.3174992484E-08  0.2613443412E-08
  0.2426470588E+02  0.3044138110E-08  0.2520994482E-08
  0.2441176471E+02  0.2889480645E-08  0.2437015317E-08
  0.2455882353E+02  0.2696949135E-08  0.2332254001E-08
  0.2470588235E+02  0.2429851590E-08  0.2133451748E-08
  0.2485294118E+02  0.2063806134E-08  0.1825541842E-08
