 0.0000000000E+00  0.3234869217E-04  0.1000000000E+01
  0.1470588235E+00  0.1918154930E-02  0.1054199724E-03
  0.2941176471E+00  0.6910300023E-03  0.4498062746E-04
  0.4411764706E+00  0.4967492032E-03  0.3454563316E-04
  0.5882352941E+00  0.3546394362E-03  0.3445188670E-04
  0.7352941176E+00  0.2728460507E-03  0.4151533567E-04
  0.8823529412E+00  0.1471271091E-03  0.3615917384E-04
  0.1029411765E+01  0.1048920650E-03  0.2681500384E-04
  0.1176470588E+01  0.8058177969E-04  0.2938118834E-04
  0.1323529412E+01  0.6231689083E-04  0.2305192008E-04
  0.1470588235E+01  0.4758675775E-04  0.2152481152E-04
  0.1617647059E+01  0.3317033737E-04  0.1793272159E-04
  0.1764705882E+01  0.2600894126E-04  0.1469178820E-04
  0.1911764706E+01  0.2292658758E-04  0.1269770059E-04
  0.2058823529E+01  0.2070985412E-04  0.1111356719E-04
  0.2205882353E+01  0.1583079914E-04  0.1008211049E-04
  0.2352941176E+01  0.1553133901E-04  0.8409094377E-05
  0.2500000000E+01  0.1347819973E-04  0.7434408002E-05
  0.2647058824E+01  0.1124149079E-04  0.6944604055E-05
  0.2794117647E+01  0.1031625654E-04  0.6426356960E-05
  0.2941176471E+01  0.8595274870E-05  0.5809760393E-05
  0.3088235294E+01  0.8593737524E-05  0.5182448498E-05
  0.3235294118E+01  0.7360186971E-05  0.4906592461E-05
  0.3382352941E+01  0.6435001651E-05  0.4126453265E-05
  0.3529411765E+01  0.6069903009E-05  0.3938952357E-05
  0.3676470588E+01  0.5469828980E-05  0.3608113112E-05
  0.3823529412E+01  0.5025401025E-05  0.3308764820E-05
  0.3970588235E+01  0.4940901283E-05  0.3012778125E-05
  0.4117647059E+01  0.4261217924E-05  0.2859104930E-05
  0.4264705882E+01  0.4084208583E-05  0.2650795735E-05
  0.4411764706E+01  0.3571805430E-05  0.2436158340E-05
  0.4558823529E+01  0.3341563964E-05  0.2260751900E-05
  0.4705882353E+01  0.3177012999E-05  0.2143113996E-05
  0.4852941176E+01  0.2864084776E-05  0.1919144093E-05
  0.5000000000E+01  0.2699105327E-05  0.1865721313E-05
  0.5147058824E+01  0.2488464383E-05  0.1754421753E-05
  0.5294117647E+01  0.2378114241E-05  0.1610016994E-05
  0.5441176471E+01  0.2285360771E-05  0.1539495665E-05
  0.5588235294E+01  0.2066192837E-05  0.1428471076E-05
  0.5735294118E+01  0.2004162400E-05  0.1324904574E-05
  0.5882352941E+01  0.1842796564E-05  0.1256757213E-05
  0.6029411765E+01  0.1780999943E-05  0.1213642032E-05
  0.6176470588E+01  0.1647750231E-05  0.1134800786E-05
  0.6323529412E+01  0.1533282399E-05  0.1048568921E-05
  0.6470588235E+01  0.1424356262E-05  0.1005160862E-05
  0.6617647059E+01  0.1381227177E-05  0.9333626610E-06
  0.6764705882E+01  0.1296693708E-05  0.9127800162E-06
  0.6911764706E+01  0.1241634983E-05  0.8679960069E-06
  0.7058823529E+01  0.1182089548E-05  0.8362983475E-06
  0.7205882353E+01  0.1121638870E-05  0.7776167881E-06
  0.7352941176E+01  0.1064629965E-05  0.7418041372E-06
  0.7500000000E+01  0.1006473818E-05  0.7024358890E-06
  0.7647058824E+01  0.9736829662E-06  0.6788531715E-06
  0.7794117647E+01  0.9176413032E-06  0.6337646635E-06
  0.7941176471E+01  0.8817818327E-06  0.6201012736E-06
  0.8088235294E+01  0.8390777179E-06  0.5784983249E-06
  0.8235294118E+01  0.7994230465E-06  0.5559827313E-06
  0.8382352941E+01  0.7663933455E-06  0.5188926412E-06
  0.8529411765E+01  0.7337424558E-06  0.5124629130E-06
  0.8676470588E+01  0.6850564506E-06  0.4866096781E-06
  0.8823529412E+01  0.6441589947E-06  0.4579599220E-06
  0.8970588235E+01  0.6153426536E-06  0.4525585521E-06
  0.9117647059E+01  0.5974703748E-06  0.4287960634E-06
  0.9264705882E+01  0.5748061569E-06  0.4094621458E-06
  0.9411764706E+01  0.5541279602E-06  0.3869459727E-06
  0.9558823529E+01  0.5310685680E-06  0.3732233248E-06
  0.9705882353E+01  0.5196802160E-06  0.3666280317E-06
  0.9852941176E+01  0.4861849344E-06  0.3444373823E-06
  0.1000000000E+02  0.4693249463E-06  0.3327282798E-06
  0.1014705882E+02  0.4531921697E-06  0.3144839343E-06
  0.1029411765E+02  0.4343889641E-06  0.2983317839E-06
  0.1044117647E+02  0.4140390133E-06  0.2855411567E-06
  0.1058823529E+02  0.3898373877E-06  0.2778773174E-06
  0.1073529412E+02  0.3832143995E-06  0.2711755786E-06
  0.1088235294E+02  0.3679976903E-06  0.2560966440E-06
  0.1102941176E+02  0.3541161915E-06  0.2491467928E-06
  0.1117647059E+02  0.3426971790E-06  0.2367349185E-06
  0.1132352941E+02  0.3238752587E-06  0.2300240982E-06
  0.1147058824E+02  0.3154361263E-06  0.2233995229E-06
  0.1161764706E+02  0.2994756348E-06  0.2121680856E-06
  0.1176470588E+02  0.2931641696E-06  0.2029089541E-06
  0.1191176471E+02  0.2819000420E-06  0.1969422307E-06
  0.1205882353E+02  0.2750819917E-06  0.1897156902E-06
  0.1220588235E+02  0.2601862611E-06  0.1823549521E-06
  0.1235294118E+02  0.2534036628E-06  0.1758834266E-06
  0.1250000000E+02  0.2391150453E-06  0.1705617238E-06
  0.1264705882E+02  0.2313158572E-06  0.1646948700E-06
  0.1279411765E+02  0.2226740637E-06  0.1578749562E-06
  0.1294117647E+02  0.2135128693E-06  0.1509123194E-06
  0.1308823529E+02  0.2067053262E-06  0.1435941729E-06
  0.1323529412E+02  0.1964467526E-06  0.1413160707E-06
  0.1338235294E+02  0.1919062849E-06  0.1360183327E-06
  0.1352941176E+02  0.1841869238E-06  0.1306011075E-06
  0.1367647059E+02  0.1785240422E-06  0.1273933102E-06
  0.1382352941E+02  0.1733741824E-06  0.1235188576E-06
  0.1397058824E+02  0.1686424639E-06  0.1166824075E-06
  0.1411764706E+02  0.1576002424E-06  0.1128271472E-06
  0.1426470588E+02  0.1528878175E-06  0.1096731696E-06
  0.1441176471E+02  0.1484549898E-06  0.1047908595E-06
  0.1455882353E+02  0.1425075875E-06  0.1027432847E-06
  0.1470588235E+02  0.1382815811E-06  0.9877877817E-07
  0.1485294118E+02  0.1325250021E-06  0.9306215800E-07
  0.1500000000E+02  0.1275992732E-06  0.8973989844E-07
  0.1514705882E+02  0.1237826936E-06  0.8689839479E-07
  0.1529411765E+02  0.1186201568E-06  0.8337545884E-07
  0.1544117647E+02  0.1135745069E-06  0.8067411959E-07
  0.1558823529E+02  0.1092609828E-06  0.7744708800E-07
  0.1573529412E+02  0.1051297177E-06  0.7550279977E-07
  0.1588235294E+02  0.1012478639E-06  0.7299497777E-07
  0.1602941176E+02  0.9729313240E-07  0.7029467697E-07
  0.1617647059E+02  0.9309316890E-07  0.6761238094E-07
  0.1632352941E+02  0.9051457945E-07  0.6519964954E-07
  0.1647058824E+02  0.8644131328E-07  0.6289491782E-07
  0.1661764706E+02  0.8291971198E-07  0.6055856709E-07
  0.1676470588E+02  0.8026893121E-07  0.5863608094E-07
  0.1691176471E+02  0.7653800736E-07  0.5618618276E-07
  0.1705882353E+02  0.7343539748E-07  0.5420590288E-07
  0.1720588235E+02  0.7017150372E-07  0.5136620619E-07
  0.1735294118E+02  0.6713945581E-07  0.4974373016E-07
  0.1750000000E+02  0.6563528237E-07  0.4835412077E-07
  0.1764705882E+02  0.6242469076E-07  0.4604615564E-07
  0.1779411765E+02  0.6010552777E-07  0.4444730545E-07
  0.1794117647E+02  0.5775852155E-07  0.4257370696E-07
  0.1808823529E+02  0.5491334125E-07  0.4099780402E-07
  0.1823529412E+02  0.5296036167E-07  0.3936323862E-07
  0.1838235294E+02  0.5043394207E-07  0.3799462048E-07
  0.1852941176E+02  0.4858288425E-07  0.3645133353E-07
  0.1867647059E+02  0.4697742803E-07  0.3475928821E-07
  0.1882352941E+02  0.4478596833E-07  0.3352981187E-07
  0.1897058824E+02  0.4257334672E-07  0.3210942749E-07
  0.1911764706E+02  0.4082252309E-07  0.3127608744E-07
  0.1926470588E+02  0.3941049020E-07  0.2960144716E-07
  0.1941176471E+02  0.3792549757E-07  0.2858058844E-07
  0.1955882353E+02  0.3618887647E-07  0.2745574952E-07
  0.1970588235E+02  0.3484863015E-07  0.2602777939E-07
  0.1985294118E+02  0.3259455813E-07  0.2521710585E-07
  0.2000000000E+02  0.3132182309E-07  0.2404760391E-07
  0.2014705882E+02  0.3034145975E-07  0.2290561964E-07
  0.2029411765E+02  0.2881928836E-07  0.2191252436E-07
  0.2044117647E+02  0.2728677114E-07  0.2092841213E-07
  0.2058823529E+02  0.2627603242E-07  0.2025756800E-07
  0.2073529412E+02  0.2501355232E-07  0.1904982502E-07
  0.2088235294E+02  0.2372270340E-07  0.1841370882E-07
  0.2102941176E+02  0.2293765843E-07  0.1756431258E-07
  0.2117647059E+02  0.2174307236E-07  0.1685260078E-07
  0.2132352941E+02  0.2092443517E-07  0.1601993062E-07
  0.2147058824E+02  0.1988513806E-07  0.1542975519E-07
  0.2161764706E+02  0.1889368575E-07  0.1476974732E-07
  0.2176470588E+02  0.1800152795E-07  0.1404401373E-07
  0.2191176471E+02  0.1691181736E-07  0.1349816467E-07
  0.2205882353E+02  0.1623207480E-07  0.1279006466E-07
  0.2220588235E+02  0.1547045639E-07  0.1237695418E-07
  0.2235294118E+02  0.1472141701E-07  0.1182491075E-07
  0.2250000000E+02  0.1416666541E-07  0.1135968360E-07
  0.2264705882E+02  0.1344710534E-07  0.1086846760E-07
  0.2279411765E+02  0.1279762269E-07  0.1046648041E-07
  0.2294117647E+02  0.1215883053E-07  0.1006176621E-07
  0.2308823529E+02  0.1163979231E-07  0.9678315843E-08
  0.2323529412E+02  0.1107069602E-07  0.9261136778E-08
  0.2338235294E+02  0.1058456008E-07  0.9023517325E-08
  0.2352941176E+02  0.1013825427E-07  0.8693733748E-08
  0.2367647059E+02  0.9625179153E-08  0.8333757349E-08
  0.2382352941E+02  0.9245283863E-08  0.8031170615E-08
  0.2397058824E+02  0.8799945409E-08  0.7723746441E-08
  0.2411764706E+02  0.8372443472E-08  0.7502500050E-08
  0.2426470588E+02  0.8010740023E-08  0.7287332649E-08
  0.2441176471E+02  0.7606403958E-08  0.6991580624E-08
  0.2455882353E+02  0.7174117277E-08  0.6763965344E-08
  0.2470588235E+02  0.6547870856E-08  0.6320995524E-08
  0.2485294118E+02  0.5582852936E-08  0.5351545683E-08
